timestamp,satellite,id,latitude,longitude,height_km
1737768063.035964,Starlink-550 0,0,-40.0899,-38.7746,522.06
1737768063.035964,Starlink-550 1,1,-28.9673,-24.1722,517.6
1737768063.035964,Starlink-550 2,2,-16.5552,-12.5345,513.33
1737768063.035964,Starlink-550 3,3,-3.553,-2.3297,510.27
1737768063.035964,Starlink-550 4,4,9.5693,7.5954,509.01
1737768063.035964,Starlink-550 5,5,22.3822,18.3128,509.53
1737768063.035964,Starlink-550 6,6,34.3334,31.1244,511.3
1737768063.035964,Starlink-550 7,7,44.5173,47.804,513.42
1737768063.035964,Starlink-550 8,8,51.3822,70.0833,514.98
1737768063.035964,Starlink-550 9,9,52.9798,96.7375,515.34
1737768063.035964,Starlink-550 10,10,48.6865,121.8387,514.36
1737768063.035964,Starlink-550 11,11,40.0166,141.3465,512.43
1737768063.035964,Starlink-550 12,12,28.8517,155.9521,510.36
1737768063.035964,Starlink-550 13,13,16.4097,167.5873,509.08
1737768063.035964,Starlink-550 14,14,3.3938,177.7902,509.36
1737768063.035964,Starlink-550 15,15,-9.7243,-172.2841,511.51
1737768063.035964,Starlink-550 16,16,-22.5156,-161.564,515.24
1737768063.035964,Starlink-550 17,17,-34.4303,-148.7511,519.74
1737768063.035964,Starlink-550 18,18,-44.5689,-132.0827,523.9
1737768063.035964,Starlink-550 19,19,-51.3938,-109.8504,526.66
1737768063.035964,Starlink-550 20,20,-52.9807,-83.2844,527.27
1737768063.035964,Starlink-550 21,21,-48.7148,-58.2555,525.59
1737768063.035964,Starlink-550 22,22,-34.7495,-25.9865,519.88
1737768063.035964,Starlink-550 23,23,-22.8706,-13.0904,515.37
1737768063.035964,Starlink-550 24,24,-10.0957,-2.3306,511.6
1737768063.035964,Starlink-550 25,25,3.0191,7.6026,509.4
1737768063.035964,Starlink-550 26,26,16.0439,17.7828,509.07
1737768063.035964,Starlink-550 27,27,28.5103,29.3581,510.31
1737768063.035964,Starlink-550 28,28,39.7253,43.8529,512.38
1737768063.035964,Starlink-550 29,29,48.4899,63.1973,514.32
1737768063.035964,Starlink-550 30,30,52.9358,88.1677,515.33
1737768063.035964,Starlink-550 31,31,51.509,114.8722,515.01
1737768063.035964,Starlink-550 32,32,44.7682,137.3183,513.47
1737768063.035964,Starlink-550 33,33,34.6539,154.1377,511.35
1737768063.035964,Starlink-550 34,34,22.7381,167.0328,509.56
1737768063.035964,Starlink-550 35,35,9.9411,177.79,508.99
1737768063.035964,Starlink-550 36,36,-3.1785,-172.2775,510.2
1737768063.035964,Starlink-550 37,37,-16.1902,-162.0955,513.22
1737768063.035964,Starlink-550 38,38,-28.627,-150.5175,517.46
1737768063.035964,Starlink-550 39,39,-39.8,-136.0255,521.94
1737768063.035964,Starlink-550 40,40,-48.5195,-116.7068,525.51
1737768063.035964,Starlink-550 41,41,-52.937,-91.8075,527.26
1737768063.035964,Starlink-550 42,42,-51.5197,-65.1916,526.71
1737768063.035964,Starlink-550 43,43,-44.8184,-42.794,524.01
1737768063.035964,Starlink-550 44,44,-40.0899,-28.7746,522.06
1737768063.035964,Starlink-550 45,45,-28.9673,-14.1722,517.6
1737768063.035964,Starlink-550 46,46,-16.5552,-2.5345,513.33
1737768063.035964,Starlink-550 47,47,-3.553,7.6703,510.27
1737768063.035964,Starlink-550 48,48,9.5693,17.5954,509.01
1737768063.035964,Starlink-550 49,49,22.3822,28.3128,509.53
1737768063.035964,Starlink-550 50,50,34.3334,41.1244,511.3
1737768063.035964,Starlink-550 51,51,44.5173,57.804,513.42
1737768063.035964,Starlink-550 52,52,51.3822,80.0833,514.98
1737768063.035964,Starlink-550 53,53,52.9798,106.7375,515.34
1737768063.035964,Starlink-550 54,54,48.6865,131.8387,514.36
1737768063.035964,Starlink-550 55,55,40.0166,151.3465,512.43
1737768063.035964,Starlink-550 56,56,28.8517,165.9521,510.36
1737768063.035964,Starlink-550 57,57,16.4097,177.5873,509.08
1737768063.035964,Starlink-550 58,58,3.3938,-172.2098,509.36
1737768063.035964,Starlink-550 59,59,-9.7243,-162.2841,511.51
1737768063.035964,Starlink-550 60,60,-22.5156,-151.564,515.24
1737768063.035964,Starlink-550 61,61,-34.4303,-138.7511,519.74
1737768063.035964,Starlink-550 62,62,-44.5689,-122.0827,523.9
1737768063.035964,Starlink-550 63,63,-51.3938,-99.8504,526.66
1737768063.035964,Starlink-550 64,64,-52.9807,-73.2844,527.27
1737768063.035964,Starlink-550 65,65,-48.7148,-48.2555,525.59
1737768063.035964,Starlink-550 66,66,-34.7495,-15.9865,519.88
1737768063.035964,Starlink-550 67,67,-22.8706,-3.0904,515.37
1737768063.035964,Starlink-550 68,68,-10.0957,7.6694,511.6
1737768063.035964,Starlink-550 69,69,3.0191,17.6026,509.4
1737768063.035964,Starlink-550 70,70,16.0439,27.7828,509.07
1737768063.035964,Starlink-550 71,71,28.5103,39.3581,510.31
1737768063.035964,Starlink-550 72,72,39.7253,53.8529,512.38
1737768063.035964,Starlink-550 73,73,48.4899,73.1973,514.32
1737768063.035964,Starlink-550 74,74,52.9358,98.1677,515.33
1737768063.035964,Starlink-550 75,75,51.509,124.8722,515.01
1737768063.035964,Starlink-550 76,76,44.7682,147.3183,513.47
1737768063.035964,Starlink-550 77,77,34.6539,164.1377,511.35
1737768063.035964,Starlink-550 78,78,22.7381,177.0328,509.56
1737768063.035964,Starlink-550 79,79,9.9411,-172.21,508.99
1737768063.035964,Starlink-550 80,80,-3.1785,-162.2775,510.2
1737768063.035964,Starlink-550 81,81,-16.1902,-152.0955,513.22
1737768063.035964,Starlink-550 82,82,-28.627,-140.5175,517.46
1737768063.035964,Starlink-550 83,83,-39.8,-126.0255,521.94
1737768063.035964,Starlink-550 84,84,-48.5195,-106.7068,525.51
1737768063.035964,Starlink-550 85,85,-52.937,-81.8075,527.26
1737768063.035964,Starlink-550 86,86,-51.5197,-55.1916,526.71
1737768063.035964,Starlink-550 87,87,-44.8184,-32.794,524.01
1737768063.035964,Starlink-550 88,88,-40.0899,-18.7746,522.06
1737768063.035964,Starlink-550 89,89,-28.9673,-4.1722,517.6
1737768063.035964,Starlink-550 90,90,-16.5552,7.4655,513.33
1737768063.035964,Starlink-550 91,91,-3.553,17.6703,510.27
1737768063.035964,Starlink-550 92,92,9.5693,27.5954,509.01
1737768063.035964,Starlink-550 93,93,22.3822,38.3128,509.53
1737768063.035964,Starlink-550 94,94,34.3334,51.1244,511.3
1737768063.035964,Starlink-550 95,95,44.5173,67.804,513.42
1737768063.035964,Starlink-550 96,96,51.3822,90.0833,514.98
1737768063.035964,Starlink-550 97,97,52.9798,116.7375,515.34
1737768063.035964,Starlink-550 98,98,48.6865,141.8387,514.36
1737768063.035964,Starlink-550 99,99,40.0166,161.3465,512.43
1737768063.035964,Starlink-550 100,100,28.8517,175.9521,510.36
1737768063.035964,Starlink-550 101,101,16.4097,-172.4127,509.08
1737768063.035964,Starlink-550 102,102,3.3938,-162.2098,509.36
1737768063.035964,Starlink-550 103,103,-9.7243,-152.2841,511.51
1737768063.035964,Starlink-550 104,104,-22.5156,-141.564,515.24
1737768063.035964,Starlink-550 105,105,-34.4303,-128.7511,519.74
1737768063.035964,Starlink-550 106,106,-44.5689,-112.0827,523.9
1737768063.035964,Starlink-550 107,107,-51.3938,-89.8504,526.66
1737768063.035964,Starlink-550 108,108,-52.9807,-63.2844,527.27
1737768063.035964,Starlink-550 109,109,-48.7148,-38.2555,525.59
1737768063.035964,Starlink-550 110,110,-34.7495,-5.9865,519.88
1737768063.035964,Starlink-550 111,111,-22.8706,6.9096,515.37
1737768063.035964,Starlink-550 112,112,-10.0957,17.6694,511.6
1737768063.035964,Starlink-550 113,113,3.0191,27.6026,509.4
1737768063.035964,Starlink-550 114,114,16.0439,37.7828,509.07
1737768063.035964,Starlink-550 115,115,28.5103,49.3581,510.31
1737768063.035964,Starlink-550 116,116,39.7253,63.8529,512.38
1737768063.035964,Starlink-550 117,117,48.4899,83.1973,514.32
1737768063.035964,Starlink-550 118,118,52.9358,108.1677,515.33
1737768063.035964,Starlink-550 119,119,51.509,134.8722,515.01
1737768063.035964,Starlink-550 120,120,44.7682,157.3183,513.47
1737768063.035964,Starlink-550 121,121,34.6539,174.1377,511.35
1737768063.035964,Starlink-550 122,122,22.7381,-172.9672,509.56
1737768063.035964,Starlink-550 123,123,9.9411,-162.21,508.99
1737768063.035964,Starlink-550 124,124,-3.1785,-152.2775,510.2
1737768063.035964,Starlink-550 125,125,-16.1902,-142.0955,513.22
1737768063.035964,Starlink-550 126,126,-28.627,-130.5175,517.46
1737768063.035964,Starlink-550 127,127,-39.8,-116.0255,521.94
1737768063.035964,Starlink-550 128,128,-48.5195,-96.7068,525.51
1737768063.035964,Starlink-550 129,129,-52.937,-71.8075,527.26
1737768063.035964,Starlink-550 130,130,-51.5197,-45.1916,526.71
1737768063.035964,Starlink-550 131,131,-44.8184,-22.794,524.01
1737768063.035964,Starlink-550 132,132,-40.0899,-8.7746,522.06
1737768063.035964,Starlink-550 133,133,-28.9673,5.8278,517.6
1737768063.035964,Starlink-550 134,134,-16.5552,17.4655,513.33
1737768063.035964,Starlink-550 135,135,-3.553,27.6703,510.27
1737768063.035964,Starlink-550 136,136,9.5693,37.5954,509.01
1737768063.035964,Starlink-550 137,137,22.3822,48.3128,509.53
1737768063.035964,Starlink-550 138,138,34.3334,61.1244,511.3
1737768063.035964,Starlink-550 139,139,44.5173,77.804,513.42
1737768063.035964,Starlink-550 140,140,51.3822,100.0833,514.98
1737768063.035964,Starlink-550 141,141,52.9798,126.7375,515.34
1737768063.035964,Starlink-550 142,142,48.6865,151.8387,514.36
1737768063.035964,Starlink-550 143,143,40.0166,171.3465,512.43
1737768063.035964,Starlink-550 144,144,28.8517,-174.0479,510.36
1737768063.035964,Starlink-550 145,145,16.4097,-162.4127,509.08
1737768063.035964,Starlink-550 146,146,3.3938,-152.2098,509.36
1737768063.035964,Starlink-550 147,147,-9.7243,-142.2841,511.51
1737768063.035964,Starlink-550 148,148,-22.5156,-131.564,515.24
1737768063.035964,Starlink-550 149,149,-34.4303,-118.7511,519.74
1737768063.035964,Starlink-550 150,150,-44.5689,-102.0827,523.9
1737768063.035964,Starlink-550 151,151,-51.3938,-79.8504,526.66
1737768063.035964,Starlink-550 152,152,-52.9807,-53.2844,527.27
1737768063.035964,Starlink-550 153,153,-48.7148,-28.2555,525.59
1737768063.035964,Starlink-550 154,154,-34.7495,4.0135,519.88
1737768063.035964,Starlink-550 155,155,-22.8706,16.9096,515.37
1737768063.035964,Starlink-550 156,156,-10.0957,27.6694,511.6
1737768063.035964,Starlink-550 157,157,3.0191,37.6026,509.4
1737768063.035964,Starlink-550 158,158,16.0439,47.7828,509.07
1737768063.035964,Starlink-550 159,159,28.5103,59.3581,510.31
1737768063.035964,Starlink-550 160,160,39.7253,73.8529,512.38
1737768063.035964,Starlink-550 161,161,48.4899,93.1973,514.32
1737768063.035964,Starlink-550 162,162,52.9358,118.1677,515.33
1737768063.035964,Starlink-550 163,163,51.509,144.8722,515.01
1737768063.035964,Starlink-550 164,164,44.7682,167.3183,513.47
1737768063.035964,Starlink-550 165,165,34.6539,-175.8623,511.35
1737768063.035964,Starlink-550 166,166,22.7381,-162.9672,509.56
1737768063.035964,Starlink-550 167,167,9.9411,-152.21,508.99
1737768063.035964,Starlink-550 168,168,-3.1785,-142.2775,510.2
1737768063.035964,Starlink-550 169,169,-16.1902,-132.0955,513.22
1737768063.035964,Starlink-550 170,170,-28.627,-120.5175,517.46
1737768063.035964,Starlink-550 171,171,-39.8,-106.0255,521.94
1737768063.035964,Starlink-550 172,172,-48.5195,-86.7068,525.51
1737768063.035964,Starlink-550 173,173,-52.937,-61.8075,527.26
1737768063.035964,Starlink-550 174,174,-51.5197,-35.1916,526.71
1737768063.035964,Starlink-550 175,175,-44.8184,-12.794,524.01
1737768063.035964,Starlink-550 176,176,-40.0899,1.2254,522.06
1737768063.035964,Starlink-550 177,177,-28.9673,15.8278,517.6
1737768063.035964,Starlink-550 178,178,-16.5552,27.4655,513.33
1737768063.035964,Starlink-550 179,179,-3.553,37.6703,510.27
1737768063.035964,Starlink-550 180,180,9.5693,47.5954,509.01
1737768063.035964,Starlink-550 181,181,22.3822,58.3128,509.53
1737768063.035964,Starlink-550 182,182,34.3334,71.1244,511.3
1737768063.035964,Starlink-550 183,183,44.5173,87.804,513.42
1737768063.035964,Starlink-550 184,184,51.3822,110.0833,514.98
1737768063.035964,Starlink-550 185,185,52.9798,136.7375,515.34
1737768063.035964,Starlink-550 186,186,48.6865,161.8387,514.36
1737768063.035964,Starlink-550 187,187,40.0166,-178.6535,512.43
1737768063.035964,Starlink-550 188,188,28.8517,-164.0479,510.36
1737768063.035964,Starlink-550 189,189,16.4097,-152.4127,509.08
1737768063.035964,Starlink-550 190,190,3.3938,-142.2098,509.36
1737768063.035964,Starlink-550 191,191,-9.7243,-132.2841,511.51
1737768063.035964,Starlink-550 192,192,-22.5156,-121.564,515.24
1737768063.035964,Starlink-550 193,193,-34.4303,-108.7511,519.74
1737768063.035964,Starlink-550 194,194,-44.5689,-92.0827,523.9
1737768063.035964,Starlink-550 195,195,-51.3938,-69.8504,526.66
1737768063.035964,Starlink-550 196,196,-52.9807,-43.2844,527.27
1737768063.035964,Starlink-550 197,197,-48.7148,-18.2555,525.59
1737768063.035964,Starlink-550 198,198,-34.7495,14.0135,519.88
1737768063.035964,Starlink-550 199,199,-22.8706,26.9096,515.37
1737768063.035964,Starlink-550 200,200,-10.0957,37.6694,511.6
1737768063.035964,Starlink-550 201,201,3.0191,47.6026,509.4
1737768063.035964,Starlink-550 202,202,16.0439,57.7828,509.07
1737768063.035964,Starlink-550 203,203,28.5103,69.3581,510.31
1737768063.035964,Starlink-550 204,204,39.7253,83.8529,512.38
1737768063.035964,Starlink-550 205,205,48.4899,103.1973,514.32
1737768063.035964,Starlink-550 206,206,52.9358,128.1677,515.33
1737768063.035964,Starlink-550 207,207,51.509,154.8722,515.01
1737768063.035964,Starlink-550 208,208,44.7682,177.3183,513.47
1737768063.035964,Starlink-550 209,209,34.6539,-165.8623,511.35
1737768063.035964,Starlink-550 210,210,22.7381,-152.9672,509.56
1737768063.035964,Starlink-550 211,211,9.9411,-142.21,508.99
1737768063.035964,Starlink-550 212,212,-3.1785,-132.2775,510.2
1737768063.035964,Starlink-550 213,213,-16.1902,-122.0955,513.22
1737768063.035964,Starlink-550 214,214,-28.627,-110.5175,517.46
1737768063.035964,Starlink-550 215,215,-39.8,-96.0255,521.94
1737768063.035964,Starlink-550 216,216,-48.5195,-76.7068,525.51
1737768063.035964,Starlink-550 217,217,-52.937,-51.8075,527.26
1737768063.035964,Starlink-550 218,218,-51.5197,-25.1916,526.71
1737768063.035964,Starlink-550 219,219,-44.8184,-2.794,524.01
1737768063.035964,Starlink-550 220,220,-40.0899,11.2254,522.06
1737768063.035964,Starlink-550 221,221,-28.9673,25.8278,517.6
1737768063.035964,Starlink-550 222,222,-16.5552,37.4655,513.33
1737768063.035964,Starlink-550 223,223,-3.553,47.6703,510.27
1737768063.035964,Starlink-550 224,224,9.5693,57.5954,509.01
1737768063.035964,Starlink-550 225,225,22.3822,68.3128,509.53
1737768063.035964,Starlink-550 226,226,34.3334,81.1244,511.3
1737768063.035964,Starlink-550 227,227,44.5173,97.804,513.42
1737768063.035964,Starlink-550 228,228,51.3822,120.0833,514.98
1737768063.035964,Starlink-550 229,229,52.9798,146.7375,515.34
1737768063.035964,Starlink-550 230,230,48.6865,171.8387,514.36
1737768063.035964,Starlink-550 231,231,40.0166,-168.6535,512.43
1737768063.035964,Starlink-550 232,232,28.8517,-154.0479,510.36
1737768063.035964,Starlink-550 233,233,16.4097,-142.4127,509.08
1737768063.035964,Starlink-550 234,234,3.3938,-132.2098,509.36
1737768063.035964,Starlink-550 235,235,-9.7243,-122.2841,511.51
1737768063.035964,Starlink-550 236,236,-22.5156,-111.564,515.24
1737768063.035964,Starlink-550 237,237,-34.4303,-98.7511,519.74
1737768063.035964,Starlink-550 238,238,-44.5689,-82.0827,523.9
1737768063.035964,Starlink-550 239,239,-51.3938,-59.8504,526.66
1737768063.035964,Starlink-550 240,240,-52.9807,-33.2844,527.27
1737768063.035964,Starlink-550 241,241,-48.7148,-8.2555,525.59
1737768063.035964,Starlink-550 242,242,-34.7495,24.0135,519.88
1737768063.035964,Starlink-550 243,243,-22.8706,36.9096,515.37
1737768063.035964,Starlink-550 244,244,-10.0957,47.6694,511.6
1737768063.035964,Starlink-550 245,245,3.0191,57.6026,509.4
1737768063.035964,Starlink-550 246,246,16.0439,67.7828,509.07
1737768063.035964,Starlink-550 247,247,28.5103,79.3581,510.31
1737768063.035964,Starlink-550 248,248,39.7253,93.8529,512.38
1737768063.035964,Starlink-550 249,249,48.4899,113.1973,514.32
1737768063.035964,Starlink-550 250,250,52.9358,138.1677,515.33
1737768063.035964,Starlink-550 251,251,51.509,164.8722,515.01
1737768063.035964,Starlink-550 252,252,44.7682,-172.6817,513.47
1737768063.035964,Starlink-550 253,253,34.6539,-155.8623,511.35
1737768063.035964,Starlink-550 254,254,22.7381,-142.9672,509.56
1737768063.035964,Starlink-550 255,255,9.9411,-132.21,508.99
1737768063.035964,Starlink-550 256,256,-3.1785,-122.2775,510.2
1737768063.035964,Starlink-550 257,257,-16.1902,-112.0955,513.22
1737768063.035964,Starlink-550 258,258,-28.627,-100.5175,517.46
1737768063.035964,Starlink-550 259,259,-39.8,-86.0255,521.94
1737768063.035964,Starlink-550 260,260,-48.5195,-66.7068,525.51
1737768063.035964,Starlink-550 261,261,-52.937,-41.8075,527.26
1737768063.035964,Starlink-550 262,262,-51.5197,-15.1916,526.71
1737768063.035964,Starlink-550 263,263,-44.8184,7.206,524.01
1737768063.035964,Starlink-550 264,264,-40.0899,21.2254,522.06
1737768063.035964,Starlink-550 265,265,-28.9673,35.8278,517.6
1737768063.035964,Starlink-550 266,266,-16.5552,47.4655,513.33
1737768063.035964,Starlink-550 267,267,-3.553,57.6703,510.27
1737768063.035964,Starlink-550 268,268,9.5693,67.5954,509.01
1737768063.035964,Starlink-550 269,269,22.3822,78.3128,509.53
1737768063.035964,Starlink-550 270,270,34.3334,91.1244,511.3
1737768063.035964,Starlink-550 271,271,44.5173,107.804,513.42
1737768063.035964,Starlink-550 272,272,51.3822,130.0833,514.98
1737768063.035964,Starlink-550 273,273,52.9798,156.7375,515.34
1737768063.035964,Starlink-550 274,274,48.6865,-178.1613,514.36
1737768063.035964,Starlink-550 275,275,40.0166,-158.6535,512.43
1737768063.035964,Starlink-550 276,276,28.8517,-144.0479,510.36
1737768063.035964,Starlink-550 277,277,16.4097,-132.4127,509.08
1737768063.035964,Starlink-550 278,278,3.3938,-122.2098,509.36
1737768063.035964,Starlink-550 279,279,-9.7243,-112.2841,511.51
1737768063.035964,Starlink-550 280,280,-22.5156,-101.564,515.24
1737768063.035964,Starlink-550 281,281,-34.4303,-88.7511,519.74
1737768063.035964,Starlink-550 282,282,-44.5689,-72.0827,523.9
1737768063.035964,Starlink-550 283,283,-51.3938,-49.8504,526.66
1737768063.035964,Starlink-550 284,284,-52.9807,-23.2844,527.27
1737768063.035964,Starlink-550 285,285,-48.7148,1.7445,525.59
1737768063.035964,Starlink-550 286,286,-34.7495,34.0135,519.88
1737768063.035964,Starlink-550 287,287,-22.8706,46.9096,515.37
1737768063.035964,Starlink-550 288,288,-10.0957,57.6694,511.6
1737768063.035964,Starlink-550 289,289,3.0191,67.6026,509.4
1737768063.035964,Starlink-550 290,290,16.0439,77.7828,509.07
1737768063.035964,Starlink-550 291,291,28.5103,89.3581,510.31
1737768063.035964,Starlink-550 292,292,39.7253,103.8529,512.38
1737768063.035964,Starlink-550 293,293,48.4899,123.1973,514.32
1737768063.035964,Starlink-550 294,294,52.9358,148.1677,515.33
1737768063.035964,Starlink-550 295,295,51.509,174.8722,515.01
1737768063.035964,Starlink-550 296,296,44.7682,-162.6817,513.47
1737768063.035964,Starlink-550 297,297,34.6539,-145.8623,511.35
1737768063.035964,Starlink-550 298,298,22.7381,-132.9672,509.56
1737768063.035964,Starlink-550 299,299,9.9411,-122.21,508.99
1737768063.035964,Starlink-550 300,300,-3.1785,-112.2775,510.2
1737768063.035964,Starlink-550 301,301,-16.1902,-102.0955,513.22
1737768063.035964,Starlink-550 302,302,-28.627,-90.5175,517.46
1737768063.035964,Starlink-550 303,303,-39.8,-76.0255,521.94
1737768063.035964,Starlink-550 304,304,-48.5195,-56.7068,525.51
1737768063.035964,Starlink-550 305,305,-52.937,-31.8075,527.26
1737768063.035964,Starlink-550 306,306,-51.5197,-5.1916,526.71
1737768063.035964,Starlink-550 307,307,-44.8184,17.206,524.01
1737768063.035964,Starlink-550 308,308,-40.0899,31.2254,522.06
1737768063.035964,Starlink-550 309,309,-28.9673,45.8278,517.6
1737768063.035964,Starlink-550 310,310,-16.5552,57.4655,513.33
1737768063.035964,Starlink-550 311,311,-3.553,67.6703,510.27
1737768063.035964,Starlink-550 312,312,9.5693,77.5954,509.01
1737768063.035964,Starlink-550 313,313,22.3822,88.3128,509.53
1737768063.035964,Starlink-550 314,314,34.3334,101.1244,511.3
1737768063.035964,Starlink-550 315,315,44.5173,117.804,513.42
1737768063.035964,Starlink-550 316,316,51.3822,140.0833,514.98
1737768063.035964,Starlink-550 317,317,52.9798,166.7375,515.34
1737768063.035964,Starlink-550 318,318,48.6865,-168.1613,514.36
1737768063.035964,Starlink-550 319,319,40.0166,-148.6535,512.43
1737768063.035964,Starlink-550 320,320,28.8517,-134.0479,510.36
1737768063.035964,Starlink-550 321,321,16.4097,-122.4127,509.08
1737768063.035964,Starlink-550 322,322,3.3938,-112.2098,509.36
1737768063.035964,Starlink-550 323,323,-9.7243,-102.2841,511.51
1737768063.035964,Starlink-550 324,324,-22.5156,-91.564,515.24
1737768063.035964,Starlink-550 325,325,-34.4303,-78.7511,519.74
1737768063.035964,Starlink-550 326,326,-44.5689,-62.0827,523.9
1737768063.035964,Starlink-550 327,327,-51.3938,-39.8504,526.66
1737768063.035964,Starlink-550 328,328,-52.9807,-13.2844,527.27
1737768063.035964,Starlink-550 329,329,-48.7148,11.7445,525.59
1737768063.035964,Starlink-550 330,330,-34.7495,44.0135,519.88
1737768063.035964,Starlink-550 331,331,-22.8706,56.9096,515.37
1737768063.035964,Starlink-550 332,332,-10.0957,67.6694,511.6
1737768063.035964,Starlink-550 333,333,3.0191,77.6026,509.4
1737768063.035964,Starlink-550 334,334,16.0439,87.7828,509.07
1737768063.035964,Starlink-550 335,335,28.5103,99.3581,510.31
1737768063.035964,Starlink-550 336,336,39.7253,113.8529,512.38
1737768063.035964,Starlink-550 337,337,48.4899,133.1973,514.32
1737768063.035964,Starlink-550 338,338,52.9358,158.1677,515.33
1737768063.035964,Starlink-550 339,339,51.509,-175.1278,515.01
1737768063.035964,Starlink-550 340,340,44.7682,-152.6817,513.47
1737768063.035964,Starlink-550 341,341,34.6539,-135.8623,511.35
1737768063.035964,Starlink-550 342,342,22.7381,-122.9672,509.56
1737768063.035964,Starlink-550 343,343,9.9411,-112.21,508.99
1737768063.035964,Starlink-550 344,344,-3.1785,-102.2775,510.2
1737768063.035964,Starlink-550 345,345,-16.1902,-92.0955,513.22
1737768063.035964,Starlink-550 346,346,-28.627,-80.5175,517.46
1737768063.035964,Starlink-550 347,347,-39.8,-66.0255,521.94
1737768063.035964,Starlink-550 348,348,-48.5195,-46.7068,525.51
1737768063.035964,Starlink-550 349,349,-52.937,-21.8075,527.26
1737768063.035964,Starlink-550 350,350,-51.5197,4.8084,526.71
1737768063.035964,Starlink-550 351,351,-44.8184,27.206,524.01
1737768063.035964,Starlink-550 352,352,-40.0899,41.2254,522.06
1737768063.035964,Starlink-550 353,353,-28.9673,55.8278,517.6
1737768063.035964,Starlink-550 354,354,-16.5552,67.4655,513.33
1737768063.035964,Starlink-550 355,355,-3.553,77.6703,510.27
1737768063.035964,Starlink-550 356,356,9.5693,87.5954,509.01
1737768063.035964,Starlink-550 357,357,22.3822,98.3128,509.53
1737768063.035964,Starlink-550 358,358,34.3334,111.1244,511.3
1737768063.035964,Starlink-550 359,359,44.5173,127.804,513.42
1737768063.035964,Starlink-550 360,360,51.3822,150.0833,514.98
1737768063.035964,Starlink-550 361,361,52.9798,176.7375,515.34
1737768063.035964,Starlink-550 362,362,48.6865,-158.1613,514.36
1737768063.035964,Starlink-550 363,363,40.0166,-138.6535,512.43
1737768063.035964,Starlink-550 364,364,28.8517,-124.0479,510.36
1737768063.035964,Starlink-550 365,365,16.4097,-112.4127,509.08
1737768063.035964,Starlink-550 366,366,3.3938,-102.2098,509.36
1737768063.035964,Starlink-550 367,367,-9.7243,-92.2841,511.51
1737768063.035964,Starlink-550 368,368,-22.5156,-81.564,515.24
1737768063.035964,Starlink-550 369,369,-34.4303,-68.7511,519.74
1737768063.035964,Starlink-550 370,370,-44.5689,-52.0827,523.9
1737768063.035964,Starlink-550 371,371,-51.3938,-29.8504,526.66
1737768063.035964,Starlink-550 372,372,-52.9807,-3.2844,527.27
1737768063.035964,Starlink-550 373,373,-48.7148,21.7445,525.59
1737768063.035964,Starlink-550 374,374,-34.7495,54.0135,519.88
1737768063.035964,Starlink-550 375,375,-22.8706,66.9096,515.37
1737768063.035964,Starlink-550 376,376,-10.0957,77.6694,511.6
1737768063.035964,Starlink-550 377,377,3.0191,87.6026,509.4
1737768063.035964,Starlink-550 378,378,16.0439,97.7828,509.07
1737768063.035964,Starlink-550 379,379,28.5103,109.3581,510.31
1737768063.035964,Starlink-550 380,380,39.7253,123.8529,512.38
1737768063.035964,Starlink-550 381,381,48.4899,143.1973,514.32
1737768063.035964,Starlink-550 382,382,52.9358,168.1677,515.33
1737768063.035964,Starlink-550 383,383,51.509,-165.1278,515.01
1737768063.035964,Starlink-550 384,384,44.7682,-142.6817,513.47
1737768063.035964,Starlink-550 385,385,34.6539,-125.8623,511.35
1737768063.035964,Starlink-550 386,386,22.7381,-112.9672,509.56
1737768063.035964,Starlink-550 387,387,9.9411,-102.21,508.99
1737768063.035964,Starlink-550 388,388,-3.1785,-92.2775,510.2
1737768063.035964,Starlink-550 389,389,-16.1902,-82.0955,513.22
1737768063.035964,Starlink-550 390,390,-28.627,-70.5175,517.46
1737768063.035964,Starlink-550 391,391,-39.8,-56.0255,521.94
1737768063.035964,Starlink-550 392,392,-48.5195,-36.7068,525.51
1737768063.035964,Starlink-550 393,393,-52.937,-11.8075,527.26
1737768063.035964,Starlink-550 394,394,-51.5197,14.8084,526.71
1737768063.035964,Starlink-550 395,395,-44.8184,37.206,524.01
1737768063.035964,Starlink-550 396,396,-40.0899,51.2254,522.06
1737768063.035964,Starlink-550 397,397,-28.9673,65.8278,517.6
1737768063.035964,Starlink-550 398,398,-16.5552,77.4655,513.33
1737768063.035964,Starlink-550 399,399,-3.553,87.6703,510.27
1737768063.035964,Starlink-550 400,400,9.5693,97.5954,509.01
1737768063.035964,Starlink-550 401,401,22.3822,108.3128,509.53
1737768063.035964,Starlink-550 402,402,34.3334,121.1244,511.3
1737768063.035964,Starlink-550 403,403,44.5173,137.804,513.42
1737768063.035964,Starlink-550 404,404,51.3822,160.0833,514.98
1737768063.035964,Starlink-550 405,405,52.9798,-173.2625,515.34
1737768063.035964,Starlink-550 406,406,48.6865,-148.1613,514.36
1737768063.035964,Starlink-550 407,407,40.0166,-128.6535,512.43
1737768063.035964,Starlink-550 408,408,28.8517,-114.0479,510.36
1737768063.035964,Starlink-550 409,409,16.4097,-102.4127,509.08
1737768063.035964,Starlink-550 410,410,3.3938,-92.2098,509.36
1737768063.035964,Starlink-550 411,411,-9.7243,-82.2841,511.51
1737768063.035964,Starlink-550 412,412,-22.5156,-71.564,515.24
1737768063.035964,Starlink-550 413,413,-34.4303,-58.7511,519.74
1737768063.035964,Starlink-550 414,414,-44.5689,-42.0827,523.9
1737768063.035964,Starlink-550 415,415,-51.3938,-19.8504,526.66
1737768063.035964,Starlink-550 416,416,-52.9807,6.7156,527.27
1737768063.035964,Starlink-550 417,417,-48.7148,31.7445,525.59
1737768063.035964,Starlink-550 418,418,-34.7495,64.0135,519.88
1737768063.035964,Starlink-550 419,419,-22.8706,76.9096,515.37
1737768063.035964,Starlink-550 420,420,-10.0957,87.6694,511.6
1737768063.035964,Starlink-550 421,421,3.0191,97.6026,509.4
1737768063.035964,Starlink-550 422,422,16.0439,107.7828,509.07
1737768063.035964,Starlink-550 423,423,28.5103,119.3581,510.31
1737768063.035964,Starlink-550 424,424,39.7253,133.8529,512.38
1737768063.035964,Starlink-550 425,425,48.4899,153.1973,514.32
1737768063.035964,Starlink-550 426,426,52.9358,178.1677,515.33
1737768063.035964,Starlink-550 427,427,51.509,-155.1278,515.01
1737768063.035964,Starlink-550 428,428,44.7682,-132.6817,513.47
1737768063.035964,Starlink-550 429,429,34.6539,-115.8623,511.35
1737768063.035964,Starlink-550 430,430,22.7381,-102.9672,509.56
1737768063.035964,Starlink-550 431,431,9.9411,-92.21,508.99
1737768063.035964,Starlink-550 432,432,-3.1785,-82.2775,510.2
1737768063.035964,Starlink-550 433,433,-16.1902,-72.0955,513.22
1737768063.035964,Starlink-550 434,434,-28.627,-60.5175,517.46
1737768063.035964,Starlink-550 435,435,-39.8,-46.0255,521.94
1737768063.035964,Starlink-550 436,436,-48.5195,-26.7068,525.51
1737768063.035964,Starlink-550 437,437,-52.937,-1.8075,527.26
1737768063.035964,Starlink-550 438,438,-51.5197,24.8084,526.71
1737768063.035964,Starlink-550 439,439,-44.8184,47.206,524.01
1737768063.035964,Starlink-550 440,440,-40.0899,61.2254,522.06
1737768063.035964,Starlink-550 441,441,-28.9673,75.8278,517.6
1737768063.035964,Starlink-550 442,442,-16.5552,87.4655,513.33
1737768063.035964,Starlink-550 443,443,-3.553,97.6703,510.27
1737768063.035964,Starlink-550 444,444,9.5693,107.5954,509.01
1737768063.035964,Starlink-550 445,445,22.3822,118.3128,509.53
1737768063.035964,Starlink-550 446,446,34.3334,131.1244,511.3
1737768063.035964,Starlink-550 447,447,44.5173,147.804,513.42
1737768063.035964,Starlink-550 448,448,51.3822,170.0833,514.98
1737768063.035964,Starlink-550 449,449,52.9798,-163.2625,515.34
1737768063.035964,Starlink-550 450,450,48.6865,-138.1613,514.36
1737768063.035964,Starlink-550 451,451,40.0166,-118.6535,512.43
1737768063.035964,Starlink-550 452,452,28.8517,-104.0479,510.36
1737768063.035964,Starlink-550 453,453,16.4097,-92.4127,509.08
1737768063.035964,Starlink-550 454,454,3.3938,-82.2098,509.36
1737768063.035964,Starlink-550 455,455,-9.7243,-72.2841,511.51
1737768063.035964,Starlink-550 456,456,-22.5156,-61.564,515.24
1737768063.035964,Starlink-550 457,457,-34.4303,-48.7511,519.74
1737768063.035964,Starlink-550 458,458,-44.5689,-32.0827,523.9
1737768063.035964,Starlink-550 459,459,-51.3938,-9.8504,526.66
1737768063.035964,Starlink-550 460,460,-52.9807,16.7156,527.27
1737768063.035964,Starlink-550 461,461,-48.7148,41.7445,525.59
1737768063.035964,Starlink-550 462,462,-34.7495,74.0135,519.88
1737768063.035964,Starlink-550 463,463,-22.8706,86.9096,515.37
1737768063.035964,Starlink-550 464,464,-10.0957,97.6694,511.6
1737768063.035964,Starlink-550 465,465,3.0191,107.6026,509.4
1737768063.035964,Starlink-550 466,466,16.0439,117.7828,509.07
1737768063.035964,Starlink-550 467,467,28.5103,129.3581,510.31
1737768063.035964,Starlink-550 468,468,39.7253,143.8529,512.38
1737768063.035964,Starlink-550 469,469,48.4899,163.1973,514.32
1737768063.035964,Starlink-550 470,470,52.9358,-171.8323,515.33
1737768063.035964,Starlink-550 471,471,51.509,-145.1278,515.01
1737768063.035964,Starlink-550 472,472,44.7682,-122.6817,513.47
1737768063.035964,Starlink-550 473,473,34.6539,-105.8623,511.35
1737768063.035964,Starlink-550 474,474,22.7381,-92.9672,509.56
1737768063.035964,Starlink-550 475,475,9.9411,-82.21,508.99
1737768063.035964,Starlink-550 476,476,-3.1785,-72.2775,510.2
1737768063.035964,Starlink-550 477,477,-16.1902,-62.0955,513.22
1737768063.035964,Starlink-550 478,478,-28.627,-50.5175,517.46
1737768063.035964,Starlink-550 479,479,-39.8,-36.0255,521.94
1737768063.035964,Starlink-550 480,480,-48.5195,-16.7068,525.51
1737768063.035964,Starlink-550 481,481,-52.937,8.1925,527.26
1737768063.035964,Starlink-550 482,482,-51.5197,34.8084,526.71
1737768063.035964,Starlink-550 483,483,-44.8184,57.206,524.01
1737768063.035964,Starlink-550 484,484,-40.0899,71.2254,522.06
1737768063.035964,Starlink-550 485,485,-28.9673,85.8278,517.6
1737768063.035964,Starlink-550 486,486,-16.5552,97.4655,513.33
1737768063.035964,Starlink-550 487,487,-3.553,107.6703,510.27
1737768063.035964,Starlink-550 488,488,9.5693,117.5954,509.01
1737768063.035964,Starlink-550 489,489,22.3822,128.3128,509.53
1737768063.035964,Starlink-550 490,490,34.3334,141.1244,511.3
1737768063.035964,Starlink-550 491,491,44.5173,157.804,513.42
1737768063.035964,Starlink-550 492,492,51.3822,-179.9167,514.98
1737768063.035964,Starlink-550 493,493,52.9798,-153.2625,515.34
1737768063.035964,Starlink-550 494,494,48.6865,-128.1613,514.36
1737768063.035964,Starlink-550 495,495,40.0166,-108.6535,512.43
1737768063.035964,Starlink-550 496,496,28.8517,-94.0479,510.36
1737768063.035964,Starlink-550 497,497,16.4097,-82.4127,509.08
1737768063.035964,Starlink-550 498,498,3.3938,-72.2098,509.36
1737768063.035964,Starlink-550 499,499,-9.7243,-62.2841,511.51
1737768063.035964,Starlink-550 500,500,-22.5156,-51.564,515.24
1737768063.035964,Starlink-550 501,501,-34.4303,-38.7511,519.74
1737768063.035964,Starlink-550 502,502,-44.5689,-22.0827,523.9
1737768063.035964,Starlink-550 503,503,-51.3938,0.1496,526.66
1737768063.035964,Starlink-550 504,504,-52.9807,26.7156,527.27
1737768063.035964,Starlink-550 505,505,-48.7148,51.7445,525.59
1737768063.035964,Starlink-550 506,506,-34.7495,84.0135,519.88
1737768063.035964,Starlink-550 507,507,-22.8706,96.9096,515.37
1737768063.035964,Starlink-550 508,508,-10.0957,107.6694,511.6
1737768063.035964,Starlink-550 509,509,3.0191,117.6026,509.4
1737768063.035964,Starlink-550 510,510,16.0439,127.7828,509.07
1737768063.035964,Starlink-550 511,511,28.5103,139.3581,510.31
1737768063.035964,Starlink-550 512,512,39.7253,153.8529,512.38
1737768063.035964,Starlink-550 513,513,48.4899,173.1973,514.32
1737768063.035964,Starlink-550 514,514,52.9358,-161.8323,515.33
1737768063.035964,Starlink-550 515,515,51.509,-135.1278,515.01
1737768063.035964,Starlink-550 516,516,44.7682,-112.6817,513.47
1737768063.035964,Starlink-550 517,517,34.6539,-95.8623,511.35
1737768063.035964,Starlink-550 518,518,22.7381,-82.9672,509.56
1737768063.035964,Starlink-550 519,519,9.9411,-72.21,508.99
1737768063.035964,Starlink-550 520,520,-3.1785,-62.2775,510.2
1737768063.035964,Starlink-550 521,521,-16.1902,-52.0955,513.22
1737768063.035964,Starlink-550 522,522,-28.627,-40.5175,517.46
1737768063.035964,Starlink-550 523,523,-39.8,-26.0255,521.94
1737768063.035964,Starlink-550 524,524,-48.5195,-6.7068,525.51
1737768063.035964,Starlink-550 525,525,-52.937,18.1925,527.26
1737768063.035964,Starlink-550 526,526,-51.5197,44.8084,526.71
1737768063.035964,Starlink-550 527,527,-44.8184,67.206,524.01
1737768063.035964,Starlink-550 528,528,-40.0899,81.2254,522.06
1737768063.035964,Starlink-550 529,529,-28.9673,95.8278,517.6
1737768063.035964,Starlink-550 530,530,-16.5552,107.4655,513.33
1737768063.035964,Starlink-550 531,531,-3.553,117.6703,510.27
1737768063.035964,Starlink-550 532,532,9.5693,127.5954,509.01
1737768063.035964,Starlink-550 533,533,22.3822,138.3128,509.53
1737768063.035964,Starlink-550 534,534,34.3334,151.1244,511.3
1737768063.035964,Starlink-550 535,535,44.5173,167.804,513.42
1737768063.035964,Starlink-550 536,536,51.3822,-169.9167,514.98
1737768063.035964,Starlink-550 537,537,52.9798,-143.2625,515.34
1737768063.035964,Starlink-550 538,538,48.6865,-118.1613,514.36
1737768063.035964,Starlink-550 539,539,40.0166,-98.6535,512.43
1737768063.035964,Starlink-550 540,540,28.8517,-84.0479,510.36
1737768063.035964,Starlink-550 541,541,16.4097,-72.4127,509.08
1737768063.035964,Starlink-550 542,542,3.3938,-62.2098,509.36
1737768063.035964,Starlink-550 543,543,-9.7243,-52.2841,511.51
1737768063.035964,Starlink-550 544,544,-22.5156,-41.564,515.24
1737768063.035964,Starlink-550 545,545,-34.4303,-28.7511,519.74
1737768063.035964,Starlink-550 546,546,-44.5689,-12.0827,523.9
1737768063.035964,Starlink-550 547,547,-51.3938,10.1496,526.66
1737768063.035964,Starlink-550 548,548,-52.9807,36.7156,527.27
1737768063.035964,Starlink-550 549,549,-48.7148,61.7445,525.59
1737768063.035964,Starlink-550 550,550,-34.7495,94.0135,519.88
1737768063.035964,Starlink-550 551,551,-22.8706,106.9096,515.37
1737768063.035964,Starlink-550 552,552,-10.0957,117.6694,511.6
1737768063.035964,Starlink-550 553,553,3.0191,127.6026,509.4
1737768063.035964,Starlink-550 554,554,16.0439,137.7828,509.07
1737768063.035964,Starlink-550 555,555,28.5103,149.3581,510.31
1737768063.035964,Starlink-550 556,556,39.7253,163.8529,512.38
1737768063.035964,Starlink-550 557,557,48.4899,-176.8027,514.32
1737768063.035964,Starlink-550 558,558,52.9358,-151.8323,515.33
1737768063.035964,Starlink-550 559,559,51.509,-125.1278,515.01
1737768063.035964,Starlink-550 560,560,44.7682,-102.6817,513.47
1737768063.035964,Starlink-550 561,561,34.6539,-85.8623,511.35
1737768063.035964,Starlink-550 562,562,22.7381,-72.9672,509.56
1737768063.035964,Starlink-550 563,563,9.9411,-62.21,508.99
1737768063.035964,Starlink-550 564,564,-3.1785,-52.2775,510.2
1737768063.035964,Starlink-550 565,565,-16.1902,-42.0955,513.22
1737768063.035964,Starlink-550 566,566,-28.627,-30.5175,517.46
1737768063.035964,Starlink-550 567,567,-39.8,-16.0255,521.94
1737768063.035964,Starlink-550 568,568,-48.5195,3.2932,525.51
1737768063.035964,Starlink-550 569,569,-52.937,28.1925,527.26
1737768063.035964,Starlink-550 570,570,-51.5197,54.8084,526.71
1737768063.035964,Starlink-550 571,571,-44.8184,77.206,524.01
1737768063.035964,Starlink-550 572,572,-40.0899,91.2254,522.06
1737768063.035964,Starlink-550 573,573,-28.9673,105.8278,517.6
1737768063.035964,Starlink-550 574,574,-16.5552,117.4655,513.33
1737768063.035964,Starlink-550 575,575,-3.553,127.6703,510.27
1737768063.035964,Starlink-550 576,576,9.5693,137.5954,509.01
1737768063.035964,Starlink-550 577,577,22.3822,148.3128,509.53
1737768063.035964,Starlink-550 578,578,34.3334,161.1244,511.3
1737768063.035964,Starlink-550 579,579,44.5173,177.804,513.42
1737768063.035964,Starlink-550 580,580,51.3822,-159.9167,514.98
1737768063.035964,Starlink-550 581,581,52.9798,-133.2625,515.34
1737768063.035964,Starlink-550 582,582,48.6865,-108.1613,514.36
1737768063.035964,Starlink-550 583,583,40.0166,-88.6535,512.43
1737768063.035964,Starlink-550 584,584,28.8517,-74.0479,510.36
1737768063.035964,Starlink-550 585,585,16.4097,-62.4127,509.08
1737768063.035964,Starlink-550 586,586,3.3938,-52.2098,509.36
1737768063.035964,Starlink-550 587,587,-9.7243,-42.2841,511.51
1737768063.035964,Starlink-550 588,588,-22.5156,-31.564,515.24
1737768063.035964,Starlink-550 589,589,-34.4303,-18.7511,519.74
1737768063.035964,Starlink-550 590,590,-44.5689,-2.0827,523.9
1737768063.035964,Starlink-550 591,591,-51.3938,20.1496,526.66
1737768063.035964,Starlink-550 592,592,-52.9807,46.7156,527.27
1737768063.035964,Starlink-550 593,593,-48.7148,71.7445,525.59
1737768063.035964,Starlink-550 594,594,-34.7495,104.0135,519.88
1737768063.035964,Starlink-550 595,595,-22.8706,116.9096,515.37
1737768063.035964,Starlink-550 596,596,-10.0957,127.6694,511.6
1737768063.035964,Starlink-550 597,597,3.0191,137.6026,509.4
1737768063.035964,Starlink-550 598,598,16.0439,147.7828,509.07
1737768063.035964,Starlink-550 599,599,28.5103,159.3581,510.31
1737768063.035964,Starlink-550 600,600,39.7253,173.8529,512.38
1737768063.035964,Starlink-550 601,601,48.4899,-166.8027,514.32
1737768063.035964,Starlink-550 602,602,52.9358,-141.8323,515.33
1737768063.035964,Starlink-550 603,603,51.509,-115.1278,515.01
1737768063.035964,Starlink-550 604,604,44.7682,-92.6817,513.47
1737768063.035964,Starlink-550 605,605,34.6539,-75.8623,511.35
1737768063.035964,Starlink-550 606,606,22.7381,-62.9672,509.56
1737768063.035964,Starlink-550 607,607,9.9411,-52.21,508.99
1737768063.035964,Starlink-550 608,608,-3.1785,-42.2775,510.2
1737768063.035964,Starlink-550 609,609,-16.1902,-32.0955,513.22
1737768063.035964,Starlink-550 610,610,-28.627,-20.5175,517.46
1737768063.035964,Starlink-550 611,611,-39.8,-6.0255,521.94
1737768063.035964,Starlink-550 612,612,-48.5195,13.2932,525.51
1737768063.035964,Starlink-550 613,613,-52.937,38.1925,527.26
1737768063.035964,Starlink-550 614,614,-51.5197,64.8084,526.71
1737768063.035964,Starlink-550 615,615,-44.8184,87.206,524.01
1737768063.035964,Starlink-550 616,616,-40.0899,101.2254,522.06
1737768063.035964,Starlink-550 617,617,-28.9673,115.8278,517.6
1737768063.035964,Starlink-550 618,618,-16.5552,127.4655,513.33
1737768063.035964,Starlink-550 619,619,-3.553,137.6703,510.27
1737768063.035964,Starlink-550 620,620,9.5693,147.5954,509.01
1737768063.035964,Starlink-550 621,621,22.3822,158.3128,509.53
1737768063.035964,Starlink-550 622,622,34.3334,171.1244,511.3
1737768063.035964,Starlink-550 623,623,44.5173,-172.196,513.42
1737768063.035964,Starlink-550 624,624,51.3822,-149.9167,514.98
1737768063.035964,Starlink-550 625,625,52.9798,-123.2625,515.34
1737768063.035964,Starlink-550 626,626,48.6865,-98.1613,514.36
1737768063.035964,Starlink-550 627,627,40.0166,-78.6535,512.43
1737768063.035964,Starlink-550 628,628,28.8517,-64.0479,510.36
1737768063.035964,Starlink-550 629,629,16.4097,-52.4127,509.08
1737768063.035964,Starlink-550 630,630,3.3938,-42.2098,509.36
1737768063.035964,Starlink-550 631,631,-9.7243,-32.2841,511.51
1737768063.035964,Starlink-550 632,632,-22.5156,-21.564,515.24
1737768063.035964,Starlink-550 633,633,-34.4303,-8.7511,519.74
1737768063.035964,Starlink-550 634,634,-44.5689,7.9173,523.9
1737768063.035964,Starlink-550 635,635,-51.3938,30.1496,526.66
1737768063.035964,Starlink-550 636,636,-52.9807,56.7156,527.27
1737768063.035964,Starlink-550 637,637,-48.7148,81.7445,525.59
1737768063.035964,Starlink-550 638,638,-34.7495,114.0135,519.88
1737768063.035964,Starlink-550 639,639,-22.8706,126.9096,515.37
1737768063.035964,Starlink-550 640,640,-10.0957,137.6694,511.6
1737768063.035964,Starlink-550 641,641,3.0191,147.6026,509.4
1737768063.035964,Starlink-550 642,642,16.0439,157.7828,509.07
1737768063.035964,Starlink-550 643,643,28.5103,169.3581,510.31
1737768063.035964,Starlink-550 644,644,39.7253,-176.1471,512.38
1737768063.035964,Starlink-550 645,645,48.4899,-156.8027,514.32
1737768063.035964,Starlink-550 646,646,52.9358,-131.8323,515.33
1737768063.035964,Starlink-550 647,647,51.509,-105.1278,515.01
1737768063.035964,Starlink-550 648,648,44.7682,-82.6817,513.47
1737768063.035964,Starlink-550 649,649,34.6539,-65.8623,511.35
1737768063.035964,Starlink-550 650,650,22.7381,-52.9672,509.56
1737768063.035964,Starlink-550 651,651,9.9411,-42.21,508.99
1737768063.035964,Starlink-550 652,652,-3.1785,-32.2775,510.2
1737768063.035964,Starlink-550 653,653,-16.1902,-22.0955,513.22
1737768063.035964,Starlink-550 654,654,-28.627,-10.5175,517.46
1737768063.035964,Starlink-550 655,655,-39.8,3.9745,521.94
1737768063.035964,Starlink-550 656,656,-48.5195,23.2932,525.51
1737768063.035964,Starlink-550 657,657,-52.937,48.1925,527.26
1737768063.035964,Starlink-550 658,658,-51.5197,74.8084,526.71
1737768063.035964,Starlink-550 659,659,-44.8184,97.206,524.01
1737768063.035964,Starlink-550 660,660,-40.0899,111.2254,522.06
1737768063.035964,Starlink-550 661,661,-28.9673,125.8278,517.6
1737768063.035964,Starlink-550 662,662,-16.5552,137.4655,513.33
1737768063.035964,Starlink-550 663,663,-3.553,147.6703,510.27
1737768063.035964,Starlink-550 664,664,9.5693,157.5954,509.01
1737768063.035964,Starlink-550 665,665,22.3822,168.3128,509.53
1737768063.035964,Starlink-550 666,666,34.3334,-178.8756,511.3
1737768063.035964,Starlink-550 667,667,44.5173,-162.196,513.42
1737768063.035964,Starlink-550 668,668,51.3822,-139.9167,514.98
1737768063.035964,Starlink-550 669,669,52.9798,-113.2625,515.34
1737768063.035964,Starlink-550 670,670,48.6865,-88.1613,514.36
1737768063.035964,Starlink-550 671,671,40.0166,-68.6535,512.43
1737768063.035964,Starlink-550 672,672,28.8517,-54.0479,510.36
1737768063.035964,Starlink-550 673,673,16.4097,-42.4127,509.08
1737768063.035964,Starlink-550 674,674,3.3938,-32.2098,509.36
1737768063.035964,Starlink-550 675,675,-9.7243,-22.2841,511.51
1737768063.035964,Starlink-550 676,676,-22.5156,-11.564,515.24
1737768063.035964,Starlink-550 677,677,-34.4303,1.2489,519.74
1737768063.035964,Starlink-550 678,678,-44.5689,17.9173,523.9
1737768063.035964,Starlink-550 679,679,-51.3938,40.1496,526.66
1737768063.035964,Starlink-550 680,680,-52.9807,66.7156,527.27
1737768063.035964,Starlink-550 681,681,-48.7148,91.7445,525.59
1737768063.035964,Starlink-550 682,682,-34.7495,124.0135,519.88
1737768063.035964,Starlink-550 683,683,-22.8706,136.9096,515.37
1737768063.035964,Starlink-550 684,684,-10.0957,147.6694,511.6
1737768063.035964,Starlink-550 685,685,3.0191,157.6026,509.4
1737768063.035964,Starlink-550 686,686,16.0439,167.7828,509.07
1737768063.035964,Starlink-550 687,687,28.5103,179.3581,510.31
1737768063.035964,Starlink-550 688,688,39.7253,-166.1471,512.38
1737768063.035964,Starlink-550 689,689,48.4899,-146.8027,514.32
1737768063.035964,Starlink-550 690,690,52.9358,-121.8323,515.33
1737768063.035964,Starlink-550 691,691,51.509,-95.1278,515.01
1737768063.035964,Starlink-550 692,692,44.7682,-72.6817,513.47
1737768063.035964,Starlink-550 693,693,34.6539,-55.8623,511.35
1737768063.035964,Starlink-550 694,694,22.7381,-42.9672,509.56
1737768063.035964,Starlink-550 695,695,9.9411,-32.21,508.99
1737768063.035964,Starlink-550 696,696,-3.1785,-22.2775,510.2
1737768063.035964,Starlink-550 697,697,-16.1902,-12.0955,513.22
1737768063.035964,Starlink-550 698,698,-28.627,-0.5175,517.46
1737768063.035964,Starlink-550 699,699,-39.8,13.9745,521.94
1737768063.035964,Starlink-550 700,700,-48.5195,33.2932,525.51
1737768063.035964,Starlink-550 701,701,-52.937,58.1925,527.26
1737768063.035964,Starlink-550 702,702,-51.5197,84.8084,526.71
1737768063.035964,Starlink-550 703,703,-44.8184,107.206,524.01
1737768063.035964,Starlink-550 704,704,-40.0899,121.2254,522.06
1737768063.035964,Starlink-550 705,705,-28.9673,135.8278,517.6
1737768063.035964,Starlink-550 706,706,-16.5552,147.4655,513.33
1737768063.035964,Starlink-550 707,707,-3.553,157.6703,510.27
1737768063.035964,Starlink-550 708,708,9.5693,167.5954,509.01
1737768063.035964,Starlink-550 709,709,22.3822,178.3128,509.53
1737768063.035964,Starlink-550 710,710,34.3334,-168.8756,511.3
1737768063.035964,Starlink-550 711,711,44.5173,-152.196,513.42
1737768063.035964,Starlink-550 712,712,51.3822,-129.9167,514.98
1737768063.035964,Starlink-550 713,713,52.9798,-103.2625,515.34
1737768063.035964,Starlink-550 714,714,48.6865,-78.1613,514.36
1737768063.035964,Starlink-550 715,715,40.0166,-58.6535,512.43
1737768063.035964,Starlink-550 716,716,28.8517,-44.0479,510.36
1737768063.035964,Starlink-550 717,717,16.4097,-32.4127,509.08
1737768063.035964,Starlink-550 718,718,3.3938,-22.2098,509.36
1737768063.035964,Starlink-550 719,719,-9.7243,-12.2841,511.51
1737768063.035964,Starlink-550 720,720,-22.5156,-1.564,515.24
1737768063.035964,Starlink-550 721,721,-34.4303,11.2489,519.74
1737768063.035964,Starlink-550 722,722,-44.5689,27.9173,523.9
1737768063.035964,Starlink-550 723,723,-51.3938,50.1496,526.66
1737768063.035964,Starlink-550 724,724,-52.9807,76.7156,527.27
1737768063.035964,Starlink-550 725,725,-48.7148,101.7445,525.59
1737768063.035964,Starlink-550 726,726,-34.7495,134.0135,519.88
1737768063.035964,Starlink-550 727,727,-22.8706,146.9096,515.37
1737768063.035964,Starlink-550 728,728,-10.0957,157.6694,511.6
1737768063.035964,Starlink-550 729,729,3.0191,167.6026,509.4
1737768063.035964,Starlink-550 730,730,16.0439,177.7828,509.07
1737768063.035964,Starlink-550 731,731,28.5103,-170.6419,510.31
1737768063.035964,Starlink-550 732,732,39.7253,-156.1471,512.38
1737768063.035964,Starlink-550 733,733,48.4899,-136.8027,514.32
1737768063.035964,Starlink-550 734,734,52.9358,-111.8323,515.33
1737768063.035964,Starlink-550 735,735,51.509,-85.1278,515.01
1737768063.035964,Starlink-550 736,736,44.7682,-62.6817,513.47
1737768063.035964,Starlink-550 737,737,34.6539,-45.8623,511.35
1737768063.035964,Starlink-550 738,738,22.7381,-32.9672,509.56
1737768063.035964,Starlink-550 739,739,9.9411,-22.21,508.99
1737768063.035964,Starlink-550 740,740,-3.1785,-12.2775,510.2
1737768063.035964,Starlink-550 741,741,-16.1902,-2.0955,513.22
1737768063.035964,Starlink-550 742,742,-28.627,9.4825,517.46
1737768063.035964,Starlink-550 743,743,-39.8,23.9745,521.94
1737768063.035964,Starlink-550 744,744,-48.5195,43.2932,525.51
1737768063.035964,Starlink-550 745,745,-52.937,68.1925,527.26
1737768063.035964,Starlink-550 746,746,-51.5197,94.8084,526.71
1737768063.035964,Starlink-550 747,747,-44.8184,117.206,524.01
1737768063.035964,Starlink-550 748,748,-40.0899,131.2254,522.06
1737768063.035964,Starlink-550 749,749,-28.9673,145.8278,517.6
1737768063.035964,Starlink-550 750,750,-16.5552,157.4655,513.33
1737768063.035964,Starlink-550 751,751,-3.553,167.6703,510.27
1737768063.035964,Starlink-550 752,752,9.5693,177.5954,509.01
1737768063.035964,Starlink-550 753,753,22.3822,-171.6872,509.53
1737768063.035964,Starlink-550 754,754,34.3334,-158.8756,511.3
1737768063.035964,Starlink-550 755,755,44.5173,-142.196,513.42
1737768063.035964,Starlink-550 756,756,51.3822,-119.9167,514.98
1737768063.035964,Starlink-550 757,757,52.9798,-93.2625,515.34
1737768063.035964,Starlink-550 758,758,48.6865,-68.1613,514.36
1737768063.035964,Starlink-550 759,759,40.0166,-48.6535,512.43
1737768063.035964,Starlink-550 760,760,28.8517,-34.0479,510.36
1737768063.035964,Starlink-550 761,761,16.4097,-22.4127,509.08
1737768063.035964,Starlink-550 762,762,3.3938,-12.2098,509.36
1737768063.035964,Starlink-550 763,763,-9.7243,-2.2841,511.51
1737768063.035964,Starlink-550 764,764,-22.5156,8.436,515.24
1737768063.035964,Starlink-550 765,765,-34.4303,21.2489,519.74
1737768063.035964,Starlink-550 766,766,-44.5689,37.9173,523.9
1737768063.035964,Starlink-550 767,767,-51.3938,60.1496,526.66
1737768063.035964,Starlink-550 768,768,-52.9807,86.7156,527.27
1737768063.035964,Starlink-550 769,769,-48.7148,111.7445,525.59
1737768063.035964,Starlink-550 770,770,-34.7495,144.0135,519.88
1737768063.035964,Starlink-550 771,771,-22.8706,156.9096,515.37
1737768063.035964,Starlink-550 772,772,-10.0957,167.6694,511.6
1737768063.035964,Starlink-550 773,773,3.0191,177.6026,509.4
1737768063.035964,Starlink-550 774,774,16.0439,-172.2172,509.07
1737768063.035964,Starlink-550 775,775,28.5103,-160.6419,510.31
1737768063.035964,Starlink-550 776,776,39.7253,-146.1471,512.38
1737768063.035964,Starlink-550 777,777,48.4899,-126.8027,514.32
1737768063.035964,Starlink-550 778,778,52.9358,-101.8323,515.33
1737768063.035964,Starlink-550 779,779,51.509,-75.1278,515.01
1737768063.035964,Starlink-550 780,780,44.7682,-52.6817,513.47
1737768063.035964,Starlink-550 781,781,34.6539,-35.8623,511.35
1737768063.035964,Starlink-550 782,782,22.7381,-22.9672,509.56
1737768063.035964,Starlink-550 783,783,9.9411,-12.21,508.99
1737768063.035964,Starlink-550 784,784,-3.1785,-2.2775,510.2
1737768063.035964,Starlink-550 785,785,-16.1902,7.9045,513.22
1737768063.035964,Starlink-550 786,786,-28.627,19.4825,517.46
1737768063.035964,Starlink-550 787,787,-39.8,33.9745,521.94
1737768063.035964,Starlink-550 788,788,-48.5195,53.2932,525.51
1737768063.035964,Starlink-550 789,789,-52.937,78.1925,527.26
1737768063.035964,Starlink-550 790,790,-51.5197,104.8084,526.71
1737768063.035964,Starlink-550 791,791,-44.8184,127.206,524.01
1737768063.035964,Starlink-550 792,792,-40.0899,141.2254,522.06
1737768063.035964,Starlink-550 793,793,-28.9673,155.8278,517.6
1737768063.035964,Starlink-550 794,794,-16.5552,167.4655,513.33
1737768063.035964,Starlink-550 795,795,-3.553,177.6703,510.27
1737768063.035964,Starlink-550 796,796,9.5693,-172.4046,509.01
1737768063.035964,Starlink-550 797,797,22.3822,-161.6872,509.53
1737768063.035964,Starlink-550 798,798,34.3334,-148.8756,511.3
1737768063.035964,Starlink-550 799,799,44.5173,-132.196,513.42
1737768063.035964,Starlink-550 800,800,51.3822,-109.9167,514.98
1737768063.035964,Starlink-550 801,801,52.9798,-83.2625,515.34
1737768063.035964,Starlink-550 802,802,48.6865,-58.1613,514.36
1737768063.035964,Starlink-550 803,803,40.0166,-38.6535,512.43
1737768063.035964,Starlink-550 804,804,28.8517,-24.0479,510.36
1737768063.035964,Starlink-550 805,805,16.4097,-12.4127,509.08
1737768063.035964,Starlink-550 806,806,3.3938,-2.2098,509.36
1737768063.035964,Starlink-550 807,807,-9.7243,7.7159,511.51
1737768063.035964,Starlink-550 808,808,-22.5156,18.436,515.24
1737768063.035964,Starlink-550 809,809,-34.4303,31.2489,519.74
1737768063.035964,Starlink-550 810,810,-44.5689,47.9173,523.9
1737768063.035964,Starlink-550 811,811,-51.3938,70.1496,526.66
1737768063.035964,Starlink-550 812,812,-52.9807,96.7156,527.27
1737768063.035964,Starlink-550 813,813,-48.7148,121.7445,525.59
1737768063.035964,Starlink-550 814,814,-34.7495,154.0135,519.88
1737768063.035964,Starlink-550 815,815,-22.8706,166.9096,515.37
1737768063.035964,Starlink-550 816,816,-10.0957,177.6694,511.6
1737768063.035964,Starlink-550 817,817,3.0191,-172.3974,509.4
1737768063.035964,Starlink-550 818,818,16.0439,-162.2172,509.07
1737768063.035964,Starlink-550 819,819,28.5103,-150.6419,510.31
1737768063.035964,Starlink-550 820,820,39.7253,-136.1471,512.38
1737768063.035964,Starlink-550 821,821,48.4899,-116.8027,514.32
1737768063.035964,Starlink-550 822,822,52.9358,-91.8323,515.33
1737768063.035964,Starlink-550 823,823,51.509,-65.1278,515.01
1737768063.035964,Starlink-550 824,824,44.7682,-42.6817,513.47
1737768063.035964,Starlink-550 825,825,34.6539,-25.8623,511.35
1737768063.035964,Starlink-550 826,826,22.7381,-12.9672,509.56
1737768063.035964,Starlink-550 827,827,9.9411,-2.21,508.99
1737768063.035964,Starlink-550 828,828,-3.1785,7.7225,510.2
1737768063.035964,Starlink-550 829,829,-16.1902,17.9045,513.22
1737768063.035964,Starlink-550 830,830,-28.627,29.4825,517.46
1737768063.035964,Starlink-550 831,831,-39.8,43.9745,521.94
1737768063.035964,Starlink-550 832,832,-48.5195,63.2932,525.51
1737768063.035964,Starlink-550 833,833,-52.937,88.1925,527.26
1737768063.035964,Starlink-550 834,834,-51.5197,114.8084,526.71
1737768063.035964,Starlink-550 835,835,-44.8184,137.206,524.01
1737768063.035964,Starlink-550 836,836,-40.0899,151.2254,522.06
1737768063.035964,Starlink-550 837,837,-28.9673,165.8278,517.6
1737768063.035964,Starlink-550 838,838,-16.5552,177.4655,513.33
1737768063.035964,Starlink-550 839,839,-3.553,-172.3297,510.27
1737768063.035964,Starlink-550 840,840,9.5693,-162.4046,509.01
1737768063.035964,Starlink-550 841,841,22.3822,-151.6872,509.53
1737768063.035964,Starlink-550 842,842,34.3334,-138.8756,511.3
1737768063.035964,Starlink-550 843,843,44.5173,-122.196,513.42
1737768063.035964,Starlink-550 844,844,51.3822,-99.9167,514.98
1737768063.035964,Starlink-550 845,845,52.9798,-73.2625,515.34
1737768063.035964,Starlink-550 846,846,48.6865,-48.1613,514.36
1737768063.035964,Starlink-550 847,847,40.0166,-28.6535,512.43
1737768063.035964,Starlink-550 848,848,28.8517,-14.0479,510.36
1737768063.035964,Starlink-550 849,849,16.4097,-2.4127,509.08
1737768063.035964,Starlink-550 850,850,3.3938,7.7902,509.36
1737768063.035964,Starlink-550 851,851,-9.7243,17.7159,511.51
1737768063.035964,Starlink-550 852,852,-22.5156,28.436,515.24
1737768063.035964,Starlink-550 853,853,-34.4303,41.2489,519.74
1737768063.035964,Starlink-550 854,854,-44.5689,57.9173,523.9
1737768063.035964,Starlink-550 855,855,-51.3938,80.1496,526.66
1737768063.035964,Starlink-550 856,856,-52.9807,106.7156,527.27
1737768063.035964,Starlink-550 857,857,-48.7148,131.7445,525.59
1737768063.035964,Starlink-550 858,858,-34.7495,164.0135,519.88
1737768063.035964,Starlink-550 859,859,-22.8706,176.9096,515.37
1737768063.035964,Starlink-550 860,860,-10.0957,-172.3306,511.6
1737768063.035964,Starlink-550 861,861,3.0191,-162.3974,509.4
1737768063.035964,Starlink-550 862,862,16.0439,-152.2172,509.07
1737768063.035964,Starlink-550 863,863,28.5103,-140.6419,510.31
1737768063.035964,Starlink-550 864,864,39.7253,-126.1471,512.38
1737768063.035964,Starlink-550 865,865,48.4899,-106.8027,514.32
1737768063.035964,Starlink-550 866,866,52.9358,-81.8323,515.33
1737768063.035964,Starlink-550 867,867,51.509,-55.1278,515.01
1737768063.035964,Starlink-550 868,868,44.7682,-32.6817,513.47
1737768063.035964,Starlink-550 869,869,34.6539,-15.8623,511.35
1737768063.035964,Starlink-550 870,870,22.7381,-2.9672,509.56
1737768063.035964,Starlink-550 871,871,9.9411,7.79,508.99
1737768063.035964,Starlink-550 872,872,-3.1785,17.7225,510.2
1737768063.035964,Starlink-550 873,873,-16.1902,27.9045,513.22
1737768063.035964,Starlink-550 874,874,-28.627,39.4825,517.46
1737768063.035964,Starlink-550 875,875,-39.8,53.9745,521.94
1737768063.035964,Starlink-550 876,876,-48.5195,73.2932,525.51
1737768063.035964,Starlink-550 877,877,-52.937,98.1925,527.26
1737768063.035964,Starlink-550 878,878,-51.5197,124.8084,526.71
1737768063.035964,Starlink-550 879,879,-44.8184,147.206,524.01
1737768063.035964,Starlink-550 880,880,-40.0899,161.2254,522.06
1737768063.035964,Starlink-550 881,881,-28.9673,175.8278,517.6
1737768063.035964,Starlink-550 882,882,-16.5552,-172.5345,513.33
1737768063.035964,Starlink-550 883,883,-3.553,-162.3297,510.27
1737768063.035964,Starlink-550 884,884,9.5693,-152.4046,509.01
1737768063.035964,Starlink-550 885,885,22.3822,-141.6872,509.53
1737768063.035964,Starlink-550 886,886,34.3334,-128.8756,511.3
1737768063.035964,Starlink-550 887,887,44.5173,-112.196,513.42
1737768063.035964,Starlink-550 888,888,51.3822,-89.9167,514.98
1737768063.035964,Starlink-550 889,889,52.9798,-63.2625,515.34
1737768063.035964,Starlink-550 890,890,48.6865,-38.1613,514.36
1737768063.035964,Starlink-550 891,891,40.0166,-18.6535,512.43
1737768063.035964,Starlink-550 892,892,28.8517,-4.0479,510.36
1737768063.035964,Starlink-550 893,893,16.4097,7.5873,509.08
1737768063.035964,Starlink-550 894,894,3.3938,17.7902,509.36
1737768063.035964,Starlink-550 895,895,-9.7243,27.7159,511.51
1737768063.035964,Starlink-550 896,896,-22.5156,38.436,515.24
1737768063.035964,Starlink-550 897,897,-34.4303,51.2489,519.74
1737768063.035964,Starlink-550 898,898,-44.5689,67.9173,523.9
1737768063.035964,Starlink-550 899,899,-51.3938,90.1496,526.66
1737768063.035964,Starlink-550 900,900,-52.9807,116.7156,527.27
1737768063.035964,Starlink-550 901,901,-48.7148,141.7445,525.59
1737768063.035964,Starlink-550 902,902,-34.7495,174.0135,519.88
1737768063.035964,Starlink-550 903,903,-22.8706,-173.0904,515.37
1737768063.035964,Starlink-550 904,904,-10.0957,-162.3306,511.6
1737768063.035964,Starlink-550 905,905,3.0191,-152.3974,509.4
1737768063.035964,Starlink-550 906,906,16.0439,-142.2172,509.07
1737768063.035964,Starlink-550 907,907,28.5103,-130.6419,510.31
1737768063.035964,Starlink-550 908,908,39.7253,-116.1471,512.38
1737768063.035964,Starlink-550 909,909,48.4899,-96.8027,514.32
1737768063.035964,Starlink-550 910,910,52.9358,-71.8323,515.33
1737768063.035964,Starlink-550 911,911,51.509,-45.1278,515.01
1737768063.035964,Starlink-550 912,912,44.7682,-22.6817,513.47
1737768063.035964,Starlink-550 913,913,34.6539,-5.8623,511.35
1737768063.035964,Starlink-550 914,914,22.7381,7.0328,509.56
1737768063.035964,Starlink-550 915,915,9.9411,17.79,508.99
1737768063.035964,Starlink-550 916,916,-3.1785,27.7225,510.2
1737768063.035964,Starlink-550 917,917,-16.1902,37.9045,513.22
1737768063.035964,Starlink-550 918,918,-28.627,49.4825,517.46
1737768063.035964,Starlink-550 919,919,-39.8,63.9745,521.94
1737768063.035964,Starlink-550 920,920,-48.5195,83.2932,525.51
1737768063.035964,Starlink-550 921,921,-52.937,108.1925,527.26
1737768063.035964,Starlink-550 922,922,-51.5197,134.8084,526.71
1737768063.035964,Starlink-550 923,923,-44.8184,157.206,524.01
1737768063.035964,Starlink-550 924,924,-40.0899,171.2254,522.06
1737768063.035964,Starlink-550 925,925,-28.9673,-174.1722,517.6
1737768063.035964,Starlink-550 926,926,-16.5552,-162.5345,513.33
1737768063.035964,Starlink-550 927,927,-3.553,-152.3297,510.27
1737768063.035964,Starlink-550 928,928,9.5693,-142.4046,509.01
1737768063.035964,Starlink-550 929,929,22.3822,-131.6872,509.53
1737768063.035964,Starlink-550 930,930,34.3334,-118.8756,511.3
1737768063.035964,Starlink-550 931,931,44.5173,-102.196,513.42
1737768063.035964,Starlink-550 932,932,51.3822,-79.9167,514.98
1737768063.035964,Starlink-550 933,933,52.9798,-53.2625,515.34
1737768063.035964,Starlink-550 934,934,48.6865,-28.1613,514.36
1737768063.035964,Starlink-550 935,935,40.0166,-8.6535,512.43
1737768063.035964,Starlink-550 936,936,28.8517,5.9521,510.36
1737768063.035964,Starlink-550 937,937,16.4097,17.5873,509.08
1737768063.035964,Starlink-550 938,938,3.3938,27.7902,509.36
1737768063.035964,Starlink-550 939,939,-9.7243,37.7159,511.51
1737768063.035964,Starlink-550 940,940,-22.5156,48.436,515.24
1737768063.035964,Starlink-550 941,941,-34.4303,61.2489,519.74
1737768063.035964,Starlink-550 942,942,-44.5689,77.9173,523.9
1737768063.035964,Starlink-550 943,943,-51.3938,100.1496,526.66
1737768063.035964,Starlink-550 944,944,-52.9807,126.7156,527.27
1737768063.035964,Starlink-550 945,945,-48.7148,151.7445,525.59
1737768063.035964,Starlink-550 946,946,-34.7495,-175.9865,519.88
1737768063.035964,Starlink-550 947,947,-22.8706,-163.0904,515.37
1737768063.035964,Starlink-550 948,948,-10.0957,-152.3306,511.6
1737768063.035964,Starlink-550 949,949,3.0191,-142.3974,509.4
1737768063.035964,Starlink-550 950,950,16.0439,-132.2172,509.07
1737768063.035964,Starlink-550 951,951,28.5103,-120.6419,510.31
1737768063.035964,Starlink-550 952,952,39.7253,-106.1471,512.38
1737768063.035964,Starlink-550 953,953,48.4899,-86.8027,514.32
1737768063.035964,Starlink-550 954,954,52.9358,-61.8323,515.33
1737768063.035964,Starlink-550 955,955,51.509,-35.1278,515.01
1737768063.035964,Starlink-550 956,956,44.7682,-12.6817,513.47
1737768063.035964,Starlink-550 957,957,34.6539,4.1377,511.35
1737768063.035964,Starlink-550 958,958,22.7381,17.0328,509.56
1737768063.035964,Starlink-550 959,959,9.9411,27.79,508.99
1737768063.035964,Starlink-550 960,960,-3.1785,37.7225,510.2
1737768063.035964,Starlink-550 961,961,-16.1902,47.9045,513.22
1737768063.035964,Starlink-550 962,962,-28.627,59.4825,517.46
1737768063.035964,Starlink-550 963,963,-39.8,73.9745,521.94
1737768063.035964,Starlink-550 964,964,-48.5195,93.2932,525.51
1737768063.035964,Starlink-550 965,965,-52.937,118.1925,527.26
1737768063.035964,Starlink-550 966,966,-51.5197,144.8084,526.71
1737768063.035964,Starlink-550 967,967,-44.8184,167.206,524.01
1737768063.035964,Starlink-550 968,968,-40.0899,-178.7746,522.06
1737768063.035964,Starlink-550 969,969,-28.9673,-164.1722,517.6
1737768063.035964,Starlink-550 970,970,-16.5552,-152.5345,513.33
1737768063.035964,Starlink-550 971,971,-3.553,-142.3297,510.27
1737768063.035964,Starlink-550 972,972,9.5693,-132.4046,509.01
1737768063.035964,Starlink-550 973,973,22.3822,-121.6872,509.53
1737768063.035964,Starlink-550 974,974,34.3334,-108.8756,511.3
1737768063.035964,Starlink-550 975,975,44.5173,-92.196,513.42
1737768063.035964,Starlink-550 976,976,51.3822,-69.9167,514.98
1737768063.035964,Starlink-550 977,977,52.9798,-43.2625,515.34
1737768063.035964,Starlink-550 978,978,48.6865,-18.1613,514.36
1737768063.035964,Starlink-550 979,979,40.0166,1.3465,512.43
1737768063.035964,Starlink-550 980,980,28.8517,15.9521,510.36
1737768063.035964,Starlink-550 981,981,16.4097,27.5873,509.08
1737768063.035964,Starlink-550 982,982,3.3938,37.7902,509.36
1737768063.035964,Starlink-550 983,983,-9.7243,47.7159,511.51
1737768063.035964,Starlink-550 984,984,-22.5156,58.436,515.24
1737768063.035964,Starlink-550 985,985,-34.4303,71.2489,519.74
1737768063.035964,Starlink-550 986,986,-44.5689,87.9173,523.9
1737768063.035964,Starlink-550 987,987,-51.3938,110.1496,526.66
1737768063.035964,Starlink-550 988,988,-52.9807,136.7156,527.27
1737768063.035964,Starlink-550 989,989,-48.7148,161.7445,525.59
1737768063.035964,Starlink-550 990,990,-34.7495,-165.9865,519.88
1737768063.035964,Starlink-550 991,991,-22.8706,-153.0904,515.37
1737768063.035964,Starlink-550 992,992,-10.0957,-142.3306,511.6
1737768063.035964,Starlink-550 993,993,3.0191,-132.3974,509.4
1737768063.035964,Starlink-550 994,994,16.0439,-122.2172,509.07
1737768063.035964,Starlink-550 995,995,28.5103,-110.6419,510.31
1737768063.035964,Starlink-550 996,996,39.7253,-96.1471,512.38
1737768063.035964,Starlink-550 997,997,48.4899,-76.8027,514.32
1737768063.035964,Starlink-550 998,998,52.9358,-51.8323,515.33
1737768063.035964,Starlink-550 999,999,51.509,-25.1278,515.01
1737768063.035964,Starlink-550 1000,1000,44.7682,-2.6817,513.47
1737768063.035964,Starlink-550 1001,1001,34.6539,14.1377,511.35
1737768063.035964,Starlink-550 1002,1002,22.7381,27.0328,509.56
1737768063.035964,Starlink-550 1003,1003,9.9411,37.79,508.99
1737768063.035964,Starlink-550 1004,1004,-3.1785,47.7225,510.2
1737768063.035964,Starlink-550 1005,1005,-16.1902,57.9045,513.22
1737768063.035964,Starlink-550 1006,1006,-28.627,69.4825,517.46
1737768063.035964,Starlink-550 1007,1007,-39.8,83.9745,521.94
1737768063.035964,Starlink-550 1008,1008,-48.5195,103.2932,525.51
1737768063.035964,Starlink-550 1009,1009,-52.937,128.1925,527.26
1737768063.035964,Starlink-550 1010,1010,-51.5197,154.8084,526.71
1737768063.035964,Starlink-550 1011,1011,-44.8184,177.206,524.01
1737768063.035964,Starlink-550 1012,1012,-40.0899,-168.7746,522.06
1737768063.035964,Starlink-550 1013,1013,-28.9673,-154.1722,517.6
1737768063.035964,Starlink-550 1014,1014,-16.5552,-142.5345,513.33
1737768063.035964,Starlink-550 1015,1015,-3.553,-132.3297,510.27
1737768063.035964,Starlink-550 1016,1016,9.5693,-122.4046,509.01
1737768063.035964,Starlink-550 1017,1017,22.3822,-111.6872,509.53
1737768063.035964,Starlink-550 1018,1018,34.3334,-98.8756,511.3
1737768063.035964,Starlink-550 1019,1019,44.5173,-82.196,513.42
1737768063.035964,Starlink-550 1020,1020,51.3822,-59.9167,514.98
1737768063.035964,Starlink-550 1021,1021,52.9798,-33.2625,515.34
1737768063.035964,Starlink-550 1022,1022,48.6865,-8.1613,514.36
1737768063.035964,Starlink-550 1023,1023,40.0166,11.3465,512.43
1737768063.035964,Starlink-550 1024,1024,28.8517,25.9521,510.36
1737768063.035964,Starlink-550 1025,1025,16.4097,37.5873,509.08
1737768063.035964,Starlink-550 1026,1026,3.3938,47.7902,509.36
1737768063.035964,Starlink-550 1027,1027,-9.7243,57.7159,511.51
1737768063.035964,Starlink-550 1028,1028,-22.5156,68.436,515.24
1737768063.035964,Starlink-550 1029,1029,-34.4303,81.2489,519.74
1737768063.035964,Starlink-550 1030,1030,-44.5689,97.9173,523.9
1737768063.035964,Starlink-550 1031,1031,-51.3938,120.1496,526.66
1737768063.035964,Starlink-550 1032,1032,-52.9807,146.7156,527.27
1737768063.035964,Starlink-550 1033,1033,-48.7148,171.7445,525.59
1737768063.035964,Starlink-550 1034,1034,-34.7495,-155.9865,519.88
1737768063.035964,Starlink-550 1035,1035,-22.8706,-143.0904,515.37
1737768063.035964,Starlink-550 1036,1036,-10.0957,-132.3306,511.6
1737768063.035964,Starlink-550 1037,1037,3.0191,-122.3974,509.4
1737768063.035964,Starlink-550 1038,1038,16.0439,-112.2172,509.07
1737768063.035964,Starlink-550 1039,1039,28.5103,-100.6419,510.31
1737768063.035964,Starlink-550 1040,1040,39.7253,-86.1471,512.38
1737768063.035964,Starlink-550 1041,1041,48.4899,-66.8027,514.32
1737768063.035964,Starlink-550 1042,1042,52.9358,-41.8323,515.33
1737768063.035964,Starlink-550 1043,1043,51.509,-15.1278,515.01
1737768063.035964,Starlink-550 1044,1044,44.7682,7.3183,513.47
1737768063.035964,Starlink-550 1045,1045,34.6539,24.1377,511.35
1737768063.035964,Starlink-550 1046,1046,22.7381,37.0328,509.56
1737768063.035964,Starlink-550 1047,1047,9.9411,47.79,508.99
1737768063.035964,Starlink-550 1048,1048,-3.1785,57.7225,510.2
1737768063.035964,Starlink-550 1049,1049,-16.1902,67.9045,513.22
1737768063.035964,Starlink-550 1050,1050,-28.627,79.4825,517.46
1737768063.035964,Starlink-550 1051,1051,-39.8,93.9745,521.94
1737768063.035964,Starlink-550 1052,1052,-48.5195,113.2932,525.51
1737768063.035964,Starlink-550 1053,1053,-52.937,138.1925,527.26
1737768063.035964,Starlink-550 1054,1054,-51.5197,164.8084,526.71
1737768063.035964,Starlink-550 1055,1055,-44.8184,-172.794,524.01
1737768063.035964,Starlink-550 1056,1056,-40.0899,-158.7746,522.06
1737768063.035964,Starlink-550 1057,1057,-28.9673,-144.1722,517.6
1737768063.035964,Starlink-550 1058,1058,-16.5552,-132.5345,513.33
1737768063.035964,Starlink-550 1059,1059,-3.553,-122.3297,510.27
1737768063.035964,Starlink-550 1060,1060,9.5693,-112.4046,509.01
1737768063.035964,Starlink-550 1061,1061,22.3822,-101.6872,509.53
1737768063.035964,Starlink-550 1062,1062,34.3334,-88.8756,511.3
1737768063.035964,Starlink-550 1063,1063,44.5173,-72.196,513.42
1737768063.035964,Starlink-550 1064,1064,51.3822,-49.9167,514.98
1737768063.035964,Starlink-550 1065,1065,52.9798,-23.2625,515.34
1737768063.035964,Starlink-550 1066,1066,48.6865,1.8387,514.36
1737768063.035964,Starlink-550 1067,1067,40.0166,21.3465,512.43
1737768063.035964,Starlink-550 1068,1068,28.8517,35.9521,510.36
1737768063.035964,Starlink-550 1069,1069,16.4097,47.5873,509.08
1737768063.035964,Starlink-550 1070,1070,3.3938,57.7902,509.36
1737768063.035964,Starlink-550 1071,1071,-9.7243,67.7159,511.51
1737768063.035964,Starlink-550 1072,1072,-22.5156,78.436,515.24
1737768063.035964,Starlink-550 1073,1073,-34.4303,91.2489,519.74
1737768063.035964,Starlink-550 1074,1074,-44.5689,107.9173,523.9
1737768063.035964,Starlink-550 1075,1075,-51.3938,130.1496,526.66
1737768063.035964,Starlink-550 1076,1076,-52.9807,156.7156,527.27
1737768063.035964,Starlink-550 1077,1077,-48.7148,-178.2555,525.59
1737768063.035964,Starlink-550 1078,1078,-34.7495,-145.9865,519.88
1737768063.035964,Starlink-550 1079,1079,-22.8706,-133.0904,515.37
1737768063.035964,Starlink-550 1080,1080,-10.0957,-122.3306,511.6
1737768063.035964,Starlink-550 1081,1081,3.0191,-112.3974,509.4
1737768063.035964,Starlink-550 1082,1082,16.0439,-102.2172,509.07
1737768063.035964,Starlink-550 1083,1083,28.5103,-90.6419,510.31
1737768063.035964,Starlink-550 1084,1084,39.7253,-76.1471,512.38
1737768063.035964,Starlink-550 1085,1085,48.4899,-56.8027,514.32
1737768063.035964,Starlink-550 1086,1086,52.9358,-31.8323,515.33
1737768063.035964,Starlink-550 1087,1087,51.509,-5.1278,515.01
1737768063.035964,Starlink-550 1088,1088,44.7682,17.3183,513.47
1737768063.035964,Starlink-550 1089,1089,34.6539,34.1377,511.35
1737768063.035964,Starlink-550 1090,1090,22.7381,47.0328,509.56
1737768063.035964,Starlink-550 1091,1091,9.9411,57.79,508.99
1737768063.035964,Starlink-550 1092,1092,-3.1785,67.7225,510.2
1737768063.035964,Starlink-550 1093,1093,-16.1902,77.9045,513.22
1737768063.035964,Starlink-550 1094,1094,-28.627,89.4825,517.46
1737768063.035964,Starlink-550 1095,1095,-39.8,103.9745,521.94
1737768063.035964,Starlink-550 1096,1096,-48.5195,123.2932,525.51
1737768063.035964,Starlink-550 1097,1097,-52.937,148.1925,527.26
1737768063.035964,Starlink-550 1098,1098,-51.5197,174.8084,526.71
1737768063.035964,Starlink-550 1099,1099,-44.8184,-162.794,524.01
1737768063.035964,Starlink-550 1100,1100,-40.0899,-148.7746,522.06
1737768063.035964,Starlink-550 1101,1101,-28.9673,-134.1722,517.6
1737768063.035964,Starlink-550 1102,1102,-16.5552,-122.5345,513.33
1737768063.035964,Starlink-550 1103,1103,-3.553,-112.3297,510.27
1737768063.035964,Starlink-550 1104,1104,9.5693,-102.4046,509.01
1737768063.035964,Starlink-550 1105,1105,22.3822,-91.6872,509.53
1737768063.035964,Starlink-550 1106,1106,34.3334,-78.8756,511.3
1737768063.035964,Starlink-550 1107,1107,44.5173,-62.196,513.42
1737768063.035964,Starlink-550 1108,1108,51.3822,-39.9167,514.98
1737768063.035964,Starlink-550 1109,1109,52.9798,-13.2625,515.34
1737768063.035964,Starlink-550 1110,1110,48.6865,11.8387,514.36
1737768063.035964,Starlink-550 1111,1111,40.0166,31.3465,512.43
1737768063.035964,Starlink-550 1112,1112,28.8517,45.9521,510.36
1737768063.035964,Starlink-550 1113,1113,16.4097,57.5873,509.08
1737768063.035964,Starlink-550 1114,1114,3.3938,67.7902,509.36
1737768063.035964,Starlink-550 1115,1115,-9.7243,77.7159,511.51
1737768063.035964,Starlink-550 1116,1116,-22.5156,88.436,515.24
1737768063.035964,Starlink-550 1117,1117,-34.4303,101.2489,519.74
1737768063.035964,Starlink-550 1118,1118,-44.5689,117.9173,523.9
1737768063.035964,Starlink-550 1119,1119,-51.3938,140.1496,526.66
1737768063.035964,Starlink-550 1120,1120,-52.9807,166.7156,527.27
1737768063.035964,Starlink-550 1121,1121,-48.7148,-168.2555,525.59
1737768063.035964,Starlink-550 1122,1122,-34.7495,-135.9865,519.88
1737768063.035964,Starlink-550 1123,1123,-22.8706,-123.0904,515.37
1737768063.035964,Starlink-550 1124,1124,-10.0957,-112.3306,511.6
1737768063.035964,Starlink-550 1125,1125,3.0191,-102.3974,509.4
1737768063.035964,Starlink-550 1126,1126,16.0439,-92.2172,509.07
1737768063.035964,Starlink-550 1127,1127,28.5103,-80.6419,510.31
1737768063.035964,Starlink-550 1128,1128,39.7253,-66.1471,512.38
1737768063.035964,Starlink-550 1129,1129,48.4899,-46.8027,514.32
1737768063.035964,Starlink-550 1130,1130,52.9358,-21.8323,515.33
1737768063.035964,Starlink-550 1131,1131,51.509,4.8722,515.01
1737768063.035964,Starlink-550 1132,1132,44.7682,27.3183,513.47
1737768063.035964,Starlink-550 1133,1133,34.6539,44.1377,511.35
1737768063.035964,Starlink-550 1134,1134,22.7381,57.0328,509.56
1737768063.035964,Starlink-550 1135,1135,9.9411,67.79,508.99
1737768063.035964,Starlink-550 1136,1136,-3.1785,77.7225,510.2
1737768063.035964,Starlink-550 1137,1137,-16.1902,87.9045,513.22
1737768063.035964,Starlink-550 1138,1138,-28.627,99.4825,517.46
1737768063.035964,Starlink-550 1139,1139,-39.8,113.9745,521.94
1737768063.035964,Starlink-550 1140,1140,-48.5195,133.2932,525.51
1737768063.035964,Starlink-550 1141,1141,-52.937,158.1925,527.26
1737768063.035964,Starlink-550 1142,1142,-51.5197,-175.1916,526.71
1737768063.035964,Starlink-550 1143,1143,-44.8184,-152.794,524.01
1737768063.035964,Starlink-550 1144,1144,-40.0899,-138.7746,522.06
1737768063.035964,Starlink-550 1145,1145,-28.9673,-124.1722,517.6
1737768063.035964,Starlink-550 1146,1146,-16.5552,-112.5345,513.33
1737768063.035964,Starlink-550 1147,1147,-3.553,-102.3297,510.27
1737768063.035964,Starlink-550 1148,1148,9.5693,-92.4046,509.01
1737768063.035964,Starlink-550 1149,1149,22.3822,-81.6872,509.53
1737768063.035964,Starlink-550 1150,1150,34.3334,-68.8756,511.3
1737768063.035964,Starlink-550 1151,1151,44.5173,-52.196,513.42
1737768063.035964,Starlink-550 1152,1152,51.3822,-29.9167,514.98
1737768063.035964,Starlink-550 1153,1153,52.9798,-3.2625,515.34
1737768063.035964,Starlink-550 1154,1154,48.6865,21.8387,514.36
1737768063.035964,Starlink-550 1155,1155,40.0166,41.3465,512.43
1737768063.035964,Starlink-550 1156,1156,28.8517,55.9521,510.36
1737768063.035964,Starlink-550 1157,1157,16.4097,67.5873,509.08
1737768063.035964,Starlink-550 1158,1158,3.3938,77.7902,509.36
1737768063.035964,Starlink-550 1159,1159,-9.7243,87.7159,511.51
1737768063.035964,Starlink-550 1160,1160,-22.5156,98.436,515.24
1737768063.035964,Starlink-550 1161,1161,-34.4303,111.2489,519.74
1737768063.035964,Starlink-550 1162,1162,-44.5689,127.9173,523.9
1737768063.035964,Starlink-550 1163,1163,-51.3938,150.1496,526.66
1737768063.035964,Starlink-550 1164,1164,-52.9807,176.7156,527.27
1737768063.035964,Starlink-550 1165,1165,-48.7148,-158.2555,525.59
1737768063.035964,Starlink-550 1166,1166,-34.7495,-125.9865,519.88
1737768063.035964,Starlink-550 1167,1167,-22.8706,-113.0904,515.37
1737768063.035964,Starlink-550 1168,1168,-10.0957,-102.3306,511.6
1737768063.035964,Starlink-550 1169,1169,3.0191,-92.3974,509.4
1737768063.035964,Starlink-550 1170,1170,16.0439,-82.2172,509.07
1737768063.035964,Starlink-550 1171,1171,28.5103,-70.6419,510.31
1737768063.035964,Starlink-550 1172,1172,39.7253,-56.1471,512.38
1737768063.035964,Starlink-550 1173,1173,48.4899,-36.8027,514.32
1737768063.035964,Starlink-550 1174,1174,52.9358,-11.8323,515.33
1737768063.035964,Starlink-550 1175,1175,51.509,14.8722,515.01
1737768063.035964,Starlink-550 1176,1176,44.7682,37.3183,513.47
1737768063.035964,Starlink-550 1177,1177,34.6539,54.1377,511.35
1737768063.035964,Starlink-550 1178,1178,22.7381,67.0328,509.56
1737768063.035964,Starlink-550 1179,1179,9.9411,77.79,508.99
1737768063.035964,Starlink-550 1180,1180,-3.1785,87.7225,510.2
1737768063.035964,Starlink-550 1181,1181,-16.1902,97.9045,513.22
1737768063.035964,Starlink-550 1182,1182,-28.627,109.4825,517.46
1737768063.035964,Starlink-550 1183,1183,-39.8,123.9745,521.94
1737768063.035964,Starlink-550 1184,1184,-48.5195,143.2932,525.51
1737768063.035964,Starlink-550 1185,1185,-52.937,168.1925,527.26
1737768063.035964,Starlink-550 1186,1186,-51.5197,-165.1916,526.71
1737768063.035964,Starlink-550 1187,1187,-44.8184,-142.794,524.01
1737768063.035964,Starlink-550 1188,1188,-40.0899,-128.7746,522.06
1737768063.035964,Starlink-550 1189,1189,-28.9673,-114.1722,517.6
1737768063.035964,Starlink-550 1190,1190,-16.5552,-102.5345,513.33
1737768063.035964,Starlink-550 1191,1191,-3.553,-92.3297,510.27
1737768063.035964,Starlink-550 1192,1192,9.5693,-82.4046,509.01
1737768063.035964,Starlink-550 1193,1193,22.3822,-71.6872,509.53
1737768063.035964,Starlink-550 1194,1194,34.3334,-58.8756,511.3
1737768063.035964,Starlink-550 1195,1195,44.5173,-42.196,513.42
1737768063.035964,Starlink-550 1196,1196,51.3822,-19.9167,514.98
1737768063.035964,Starlink-550 1197,1197,52.9798,6.7375,515.34
1737768063.035964,Starlink-550 1198,1198,48.6865,31.8387,514.36
1737768063.035964,Starlink-550 1199,1199,40.0166,51.3465,512.43
1737768063.035964,Starlink-550 1200,1200,28.8517,65.9521,510.36
1737768063.035964,Starlink-550 1201,1201,16.4097,77.5873,509.08
1737768063.035964,Starlink-550 1202,1202,3.3938,87.7902,509.36
1737768063.035964,Starlink-550 1203,1203,-9.7243,97.7159,511.51
1737768063.035964,Starlink-550 1204,1204,-22.5156,108.436,515.24
1737768063.035964,Starlink-550 1205,1205,-34.4303,121.2489,519.74
1737768063.035964,Starlink-550 1206,1206,-44.5689,137.9173,523.9
1737768063.035964,Starlink-550 1207,1207,-51.3938,160.1496,526.66
1737768063.035964,Starlink-550 1208,1208,-52.9807,-173.2844,527.27
1737768063.035964,Starlink-550 1209,1209,-48.7148,-148.2555,525.59
1737768063.035964,Starlink-550 1210,1210,-34.7495,-115.9865,519.88
1737768063.035964,Starlink-550 1211,1211,-22.8706,-103.0904,515.37
1737768063.035964,Starlink-550 1212,1212,-10.0957,-92.3306,511.6
1737768063.035964,Starlink-550 1213,1213,3.0191,-82.3974,509.4
1737768063.035964,Starlink-550 1214,1214,16.0439,-72.2172,509.07
1737768063.035964,Starlink-550 1215,1215,28.5103,-60.6419,510.31
1737768063.035964,Starlink-550 1216,1216,39.7253,-46.1471,512.38
1737768063.035964,Starlink-550 1217,1217,48.4899,-26.8027,514.32
1737768063.035964,Starlink-550 1218,1218,52.9358,-1.8323,515.33
1737768063.035964,Starlink-550 1219,1219,51.509,24.8722,515.01
1737768063.035964,Starlink-550 1220,1220,44.7682,47.3183,513.47
1737768063.035964,Starlink-550 1221,1221,34.6539,64.1377,511.35
1737768063.035964,Starlink-550 1222,1222,22.7381,77.0328,509.56
1737768063.035964,Starlink-550 1223,1223,9.9411,87.79,508.99
1737768063.035964,Starlink-550 1224,1224,-3.1785,97.7225,510.2
1737768063.035964,Starlink-550 1225,1225,-16.1902,107.9045,513.22
1737768063.035964,Starlink-550 1226,1226,-28.627,119.4825,517.46
1737768063.035964,Starlink-550 1227,1227,-39.8,133.9745,521.94
1737768063.035964,Starlink-550 1228,1228,-48.5195,153.2932,525.51
1737768063.035964,Starlink-550 1229,1229,-52.937,178.1925,527.26
1737768063.035964,Starlink-550 1230,1230,-51.5197,-155.1916,526.71
1737768063.035964,Starlink-550 1231,1231,-44.8184,-132.794,524.01
1737768063.035964,Starlink-550 1232,1232,-40.0899,-118.7746,522.06
1737768063.035964,Starlink-550 1233,1233,-28.9673,-104.1722,517.6
1737768063.035964,Starlink-550 1234,1234,-16.5552,-92.5345,513.33
1737768063.035964,Starlink-550 1235,1235,-3.553,-82.3297,510.27
1737768063.035964,Starlink-550 1236,1236,9.5693,-72.4046,509.01
1737768063.035964,Starlink-550 1237,1237,22.3822,-61.6872,509.53
1737768063.035964,Starlink-550 1238,1238,34.3334,-48.8756,511.3
1737768063.035964,Starlink-550 1239,1239,44.5173,-32.196,513.42
1737768063.035964,Starlink-550 1240,1240,51.3822,-9.9167,514.98
1737768063.035964,Starlink-550 1241,1241,52.9798,16.7375,515.34
1737768063.035964,Starlink-550 1242,1242,48.6865,41.8387,514.36
1737768063.035964,Starlink-550 1243,1243,40.0166,61.3465,512.43
1737768063.035964,Starlink-550 1244,1244,28.8517,75.9521,510.36
1737768063.035964,Starlink-550 1245,1245,16.4097,87.5873,509.08
1737768063.035964,Starlink-550 1246,1246,3.3938,97.7902,509.36
1737768063.035964,Starlink-550 1247,1247,-9.7243,107.7159,511.51
1737768063.035964,Starlink-550 1248,1248,-22.5156,118.436,515.24
1737768063.035964,Starlink-550 1249,1249,-34.4303,131.2489,519.74
1737768063.035964,Starlink-550 1250,1250,-44.5689,147.9173,523.9
1737768063.035964,Starlink-550 1251,1251,-51.3938,170.1496,526.66
1737768063.035964,Starlink-550 1252,1252,-52.9807,-163.2844,527.27
1737768063.035964,Starlink-550 1253,1253,-48.7148,-138.2555,525.59
1737768063.035964,Starlink-550 1254,1254,-34.7495,-105.9865,519.88
1737768063.035964,Starlink-550 1255,1255,-22.8706,-93.0904,515.37
1737768063.035964,Starlink-550 1256,1256,-10.0957,-82.3306,511.6
1737768063.035964,Starlink-550 1257,1257,3.0191,-72.3974,509.4
1737768063.035964,Starlink-550 1258,1258,16.0439,-62.2172,509.07
1737768063.035964,Starlink-550 1259,1259,28.5103,-50.6419,510.31
1737768063.035964,Starlink-550 1260,1260,39.7253,-36.1471,512.38
1737768063.035964,Starlink-550 1261,1261,48.4899,-16.8027,514.32
1737768063.035964,Starlink-550 1262,1262,52.9358,8.1677,515.33
1737768063.035964,Starlink-550 1263,1263,51.509,34.8722,515.01
1737768063.035964,Starlink-550 1264,1264,44.7682,57.3183,513.47
1737768063.035964,Starlink-550 1265,1265,34.6539,74.1377,511.35
1737768063.035964,Starlink-550 1266,1266,22.7381,87.0328,509.56
1737768063.035964,Starlink-550 1267,1267,9.9411,97.79,508.99
1737768063.035964,Starlink-550 1268,1268,-3.1785,107.7225,510.2
1737768063.035964,Starlink-550 1269,1269,-16.1902,117.9045,513.22
1737768063.035964,Starlink-550 1270,1270,-28.627,129.4825,517.46
1737768063.035964,Starlink-550 1271,1271,-39.8,143.9745,521.94
1737768063.035964,Starlink-550 1272,1272,-48.5195,163.2932,525.51
1737768063.035964,Starlink-550 1273,1273,-52.937,-171.8075,527.26
1737768063.035964,Starlink-550 1274,1274,-51.5197,-145.1916,526.71
1737768063.035964,Starlink-550 1275,1275,-44.8184,-122.794,524.01
1737768063.035964,Starlink-550 1276,1276,-40.0899,-108.7746,522.06
1737768063.035964,Starlink-550 1277,1277,-28.9673,-94.1722,517.6
1737768063.035964,Starlink-550 1278,1278,-16.5552,-82.5345,513.33
1737768063.035964,Starlink-550 1279,1279,-3.553,-72.3297,510.27
1737768063.035964,Starlink-550 1280,1280,9.5693,-62.4046,509.01
1737768063.035964,Starlink-550 1281,1281,22.3822,-51.6872,509.53
1737768063.035964,Starlink-550 1282,1282,34.3334,-38.8756,511.3
1737768063.035964,Starlink-550 1283,1283,44.5173,-22.196,513.42
1737768063.035964,Starlink-550 1284,1284,51.3822,0.0833,514.98
1737768063.035964,Starlink-550 1285,1285,52.9798,26.7375,515.34
1737768063.035964,Starlink-550 1286,1286,48.6865,51.8387,514.36
1737768063.035964,Starlink-550 1287,1287,40.0166,71.3465,512.43
1737768063.035964,Starlink-550 1288,1288,28.8517,85.9521,510.36
1737768063.035964,Starlink-550 1289,1289,16.4097,97.5873,509.08
1737768063.035964,Starlink-550 1290,1290,3.3938,107.7902,509.36
1737768063.035964,Starlink-550 1291,1291,-9.7243,117.7159,511.51
1737768063.035964,Starlink-550 1292,1292,-22.5156,128.436,515.24
1737768063.035964,Starlink-550 1293,1293,-34.4303,141.2489,519.74
1737768063.035964,Starlink-550 1294,1294,-44.5689,157.9173,523.9
1737768063.035964,Starlink-550 1295,1295,-51.3938,-179.8504,526.66
1737768063.035964,Starlink-550 1296,1296,-52.9807,-153.2844,527.27
1737768063.035964,Starlink-550 1297,1297,-48.7148,-128.2555,525.59
1737768063.035964,Starlink-550 1298,1298,-34.7495,-95.9865,519.88
1737768063.035964,Starlink-550 1299,1299,-22.8706,-83.0904,515.37
1737768063.035964,Starlink-550 1300,1300,-10.0957,-72.3306,511.6
1737768063.035964,Starlink-550 1301,1301,3.0191,-62.3974,509.4
1737768063.035964,Starlink-550 1302,1302,16.0439,-52.2172,509.07
1737768063.035964,Starlink-550 1303,1303,28.5103,-40.6419,510.31
1737768063.035964,Starlink-550 1304,1304,39.7253,-26.1471,512.38
1737768063.035964,Starlink-550 1305,1305,48.4899,-6.8027,514.32
1737768063.035964,Starlink-550 1306,1306,52.9358,18.1677,515.33
1737768063.035964,Starlink-550 1307,1307,51.509,44.8722,515.01
1737768063.035964,Starlink-550 1308,1308,44.7682,67.3183,513.47
1737768063.035964,Starlink-550 1309,1309,34.6539,84.1377,511.35
1737768063.035964,Starlink-550 1310,1310,22.7381,97.0328,509.56
1737768063.035964,Starlink-550 1311,1311,9.9411,107.79,508.99
1737768063.035964,Starlink-550 1312,1312,-3.1785,117.7225,510.2
1737768063.035964,Starlink-550 1313,1313,-16.1902,127.9045,513.22
1737768063.035964,Starlink-550 1314,1314,-28.627,139.4825,517.46
1737768063.035964,Starlink-550 1315,1315,-39.8,153.9745,521.94
1737768063.035964,Starlink-550 1316,1316,-48.5195,173.2932,525.51
1737768063.035964,Starlink-550 1317,1317,-52.937,-161.8075,527.26
1737768063.035964,Starlink-550 1318,1318,-51.5197,-135.1916,526.71
1737768063.035964,Starlink-550 1319,1319,-44.8184,-112.794,524.01
1737768063.035964,Starlink-550 1320,1320,-40.0899,-98.7746,522.06
1737768063.035964,Starlink-550 1321,1321,-28.9673,-84.1722,517.6
1737768063.035964,Starlink-550 1322,1322,-16.5552,-72.5345,513.33
1737768063.035964,Starlink-550 1323,1323,-3.553,-62.3297,510.27
1737768063.035964,Starlink-550 1324,1324,9.5693,-52.4046,509.01
1737768063.035964,Starlink-550 1325,1325,22.3822,-41.6872,509.53
1737768063.035964,Starlink-550 1326,1326,34.3334,-28.8756,511.3
1737768063.035964,Starlink-550 1327,1327,44.5173,-12.196,513.42
1737768063.035964,Starlink-550 1328,1328,51.3822,10.0833,514.98
1737768063.035964,Starlink-550 1329,1329,52.9798,36.7375,515.34
1737768063.035964,Starlink-550 1330,1330,48.6865,61.8387,514.36
1737768063.035964,Starlink-550 1331,1331,40.0166,81.3465,512.43
1737768063.035964,Starlink-550 1332,1332,28.8517,95.9521,510.36
1737768063.035964,Starlink-550 1333,1333,16.4097,107.5873,509.08
1737768063.035964,Starlink-550 1334,1334,3.3938,117.7902,509.36
1737768063.035964,Starlink-550 1335,1335,-9.7243,127.7159,511.51
1737768063.035964,Starlink-550 1336,1336,-22.5156,138.436,515.24
1737768063.035964,Starlink-550 1337,1337,-34.4303,151.2489,519.74
1737768063.035964,Starlink-550 1338,1338,-44.5689,167.9173,523.9
1737768063.035964,Starlink-550 1339,1339,-51.3938,-169.8504,526.66
1737768063.035964,Starlink-550 1340,1340,-52.9807,-143.2844,527.27
1737768063.035964,Starlink-550 1341,1341,-48.7148,-118.2555,525.59
1737768063.035964,Starlink-550 1342,1342,-34.7495,-85.9865,519.88
1737768063.035964,Starlink-550 1343,1343,-22.8706,-73.0904,515.37
1737768063.035964,Starlink-550 1344,1344,-10.0957,-62.3306,511.6
1737768063.035964,Starlink-550 1345,1345,3.0191,-52.3974,509.4
1737768063.035964,Starlink-550 1346,1346,16.0439,-42.2172,509.07
1737768063.035964,Starlink-550 1347,1347,28.5103,-30.6419,510.31
1737768063.035964,Starlink-550 1348,1348,39.7253,-16.1471,512.38
1737768063.035964,Starlink-550 1349,1349,48.4899,3.1973,514.32
1737768063.035964,Starlink-550 1350,1350,52.9358,28.1677,515.33
1737768063.035964,Starlink-550 1351,1351,51.509,54.8722,515.01
1737768063.035964,Starlink-550 1352,1352,44.7682,77.3183,513.47
1737768063.035964,Starlink-550 1353,1353,34.6539,94.1377,511.35
1737768063.035964,Starlink-550 1354,1354,22.7381,107.0328,509.56
1737768063.035964,Starlink-550 1355,1355,9.9411,117.79,508.99
1737768063.035964,Starlink-550 1356,1356,-3.1785,127.7225,510.2
1737768063.035964,Starlink-550 1357,1357,-16.1902,137.9045,513.22
1737768063.035964,Starlink-550 1358,1358,-28.627,149.4825,517.46
1737768063.035964,Starlink-550 1359,1359,-39.8,163.9745,521.94
1737768063.035964,Starlink-550 1360,1360,-48.5195,-176.7068,525.51
1737768063.035964,Starlink-550 1361,1361,-52.937,-151.8075,527.26
1737768063.035964,Starlink-550 1362,1362,-51.5197,-125.1916,526.71
1737768063.035964,Starlink-550 1363,1363,-44.8184,-102.794,524.01
1737768063.035964,Starlink-550 1364,1364,-40.0899,-88.7746,522.06
1737768063.035964,Starlink-550 1365,1365,-28.9673,-74.1722,517.6
1737768063.035964,Starlink-550 1366,1366,-16.5552,-62.5345,513.33
1737768063.035964,Starlink-550 1367,1367,-3.553,-52.3297,510.27
1737768063.035964,Starlink-550 1368,1368,9.5693,-42.4046,509.01
1737768063.035964,Starlink-550 1369,1369,22.3822,-31.6872,509.53
1737768063.035964,Starlink-550 1370,1370,34.3334,-18.8756,511.3
1737768063.035964,Starlink-550 1371,1371,44.5173,-2.196,513.42
1737768063.035964,Starlink-550 1372,1372,51.3822,20.0833,514.98
1737768063.035964,Starlink-550 1373,1373,52.9798,46.7375,515.34
1737768063.035964,Starlink-550 1374,1374,48.6865,71.8387,514.36
1737768063.035964,Starlink-550 1375,1375,40.0166,91.3465,512.43
1737768063.035964,Starlink-550 1376,1376,28.8517,105.9521,510.36
1737768063.035964,Starlink-550 1377,1377,16.4097,117.5873,509.08
1737768063.035964,Starlink-550 1378,1378,3.3938,127.7902,509.36
1737768063.035964,Starlink-550 1379,1379,-9.7243,137.7159,511.51
1737768063.035964,Starlink-550 1380,1380,-22.5156,148.436,515.24
1737768063.035964,Starlink-550 1381,1381,-34.4303,161.2489,519.74
1737768063.035964,Starlink-550 1382,1382,-44.5689,177.9173,523.9
1737768063.035964,Starlink-550 1383,1383,-51.3938,-159.8504,526.66
1737768063.035964,Starlink-550 1384,1384,-52.9807,-133.2844,527.27
1737768063.035964,Starlink-550 1385,1385,-48.7148,-108.2555,525.59
1737768063.035964,Starlink-550 1386,1386,-34.7495,-75.9865,519.88
1737768063.035964,Starlink-550 1387,1387,-22.8706,-63.0904,515.37
1737768063.035964,Starlink-550 1388,1388,-10.0957,-52.3306,511.6
1737768063.035964,Starlink-550 1389,1389,3.0191,-42.3974,509.4
1737768063.035964,Starlink-550 1390,1390,16.0439,-32.2172,509.07
1737768063.035964,Starlink-550 1391,1391,28.5103,-20.6419,510.31
1737768063.035964,Starlink-550 1392,1392,39.7253,-6.1471,512.38
1737768063.035964,Starlink-550 1393,1393,48.4899,13.1973,514.32
1737768063.035964,Starlink-550 1394,1394,52.9358,38.1677,515.33
1737768063.035964,Starlink-550 1395,1395,51.509,64.8722,515.01
1737768063.035964,Starlink-550 1396,1396,44.7682,87.3183,513.47
1737768063.035964,Starlink-550 1397,1397,34.6539,104.1377,511.35
1737768063.035964,Starlink-550 1398,1398,22.7381,117.0328,509.56
1737768063.035964,Starlink-550 1399,1399,9.9411,127.79,508.99
1737768063.035964,Starlink-550 1400,1400,-3.1785,137.7225,510.2
1737768063.035964,Starlink-550 1401,1401,-16.1902,147.9045,513.22
1737768063.035964,Starlink-550 1402,1402,-28.627,159.4825,517.46
1737768063.035964,Starlink-550 1403,1403,-39.8,173.9745,521.94
1737768063.035964,Starlink-550 1404,1404,-48.5195,-166.7068,525.51
1737768063.035964,Starlink-550 1405,1405,-52.937,-141.8075,527.26
1737768063.035964,Starlink-550 1406,1406,-51.5197,-115.1916,526.71
1737768063.035964,Starlink-550 1407,1407,-44.8184,-92.794,524.01
1737768063.035964,Starlink-550 1408,1408,-40.0899,-78.7746,522.06
1737768063.035964,Starlink-550 1409,1409,-28.9673,-64.1722,517.6
1737768063.035964,Starlink-550 1410,1410,-16.5552,-52.5345,513.33
1737768063.035964,Starlink-550 1411,1411,-3.553,-42.3297,510.27
1737768063.035964,Starlink-550 1412,1412,9.5693,-32.4046,509.01
1737768063.035964,Starlink-550 1413,1413,22.3822,-21.6872,509.53
1737768063.035964,Starlink-550 1414,1414,34.3334,-8.8756,511.3
1737768063.035964,Starlink-550 1415,1415,44.5173,7.804,513.42
1737768063.035964,Starlink-550 1416,1416,51.3822,30.0833,514.98
1737768063.035964,Starlink-550 1417,1417,52.9798,56.7375,515.34
1737768063.035964,Starlink-550 1418,1418,48.6865,81.8387,514.36
1737768063.035964,Starlink-550 1419,1419,40.0166,101.3465,512.43
1737768063.035964,Starlink-550 1420,1420,28.8517,115.9521,510.36
1737768063.035964,Starlink-550 1421,1421,16.4097,127.5873,509.08
1737768063.035964,Starlink-550 1422,1422,3.3938,137.7902,509.36
1737768063.035964,Starlink-550 1423,1423,-9.7243,147.7159,511.51
1737768063.035964,Starlink-550 1424,1424,-22.5156,158.436,515.24
1737768063.035964,Starlink-550 1425,1425,-34.4303,171.2489,519.74
1737768063.035964,Starlink-550 1426,1426,-44.5689,-172.0827,523.9
1737768063.035964,Starlink-550 1427,1427,-51.3938,-149.8504,526.66
1737768063.035964,Starlink-550 1428,1428,-52.9807,-123.2844,527.27
1737768063.035964,Starlink-550 1429,1429,-48.7148,-98.2555,525.59
1737768063.035964,Starlink-550 1430,1430,-34.7495,-65.9865,519.88
1737768063.035964,Starlink-550 1431,1431,-22.8706,-53.0904,515.37
1737768063.035964,Starlink-550 1432,1432,-10.0957,-42.3306,511.6
1737768063.035964,Starlink-550 1433,1433,3.0191,-32.3974,509.4
1737768063.035964,Starlink-550 1434,1434,16.0439,-22.2172,509.07
1737768063.035964,Starlink-550 1435,1435,28.5103,-10.6419,510.31
1737768063.035964,Starlink-550 1436,1436,39.7253,3.8529,512.38
1737768063.035964,Starlink-550 1437,1437,48.4899,23.1973,514.32
1737768063.035964,Starlink-550 1438,1438,52.9358,48.1677,515.33
1737768063.035964,Starlink-550 1439,1439,51.509,74.8722,515.01
1737768063.035964,Starlink-550 1440,1440,44.7682,97.3183,513.47
1737768063.035964,Starlink-550 1441,1441,34.6539,114.1377,511.35
1737768063.035964,Starlink-550 1442,1442,22.7381,127.0328,509.56
1737768063.035964,Starlink-550 1443,1443,9.9411,137.79,508.99
1737768063.035964,Starlink-550 1444,1444,-3.1785,147.7225,510.2
1737768063.035964,Starlink-550 1445,1445,-16.1902,157.9045,513.22
1737768063.035964,Starlink-550 1446,1446,-28.627,169.4825,517.46
1737768063.035964,Starlink-550 1447,1447,-39.8,-176.0255,521.94
1737768063.035964,Starlink-550 1448,1448,-48.5195,-156.7068,525.51
1737768063.035964,Starlink-550 1449,1449,-52.937,-131.8075,527.26
1737768063.035964,Starlink-550 1450,1450,-51.5197,-105.1916,526.71
1737768063.035964,Starlink-550 1451,1451,-44.8184,-82.794,524.01
1737768063.035964,Starlink-550 1452,1452,-40.0899,-68.7746,522.06
1737768063.035964,Starlink-550 1453,1453,-28.9673,-54.1722,517.6
1737768063.035964,Starlink-550 1454,1454,-16.5552,-42.5345,513.33
1737768063.035964,Starlink-550 1455,1455,-3.553,-32.3297,510.27
1737768063.035964,Starlink-550 1456,1456,9.5693,-22.4046,509.01
1737768063.035964,Starlink-550 1457,1457,22.3822,-11.6872,509.53
1737768063.035964,Starlink-550 1458,1458,34.3334,1.1244,511.3
1737768063.035964,Starlink-550 1459,1459,44.5173,17.804,513.42
1737768063.035964,Starlink-550 1460,1460,51.3822,40.0833,514.98
1737768063.035964,Starlink-550 1461,1461,52.9798,66.7375,515.34
1737768063.035964,Starlink-550 1462,1462,48.6865,91.8387,514.36
1737768063.035964,Starlink-550 1463,1463,40.0166,111.3465,512.43
1737768063.035964,Starlink-550 1464,1464,28.8517,125.9521,510.36
1737768063.035964,Starlink-550 1465,1465,16.4097,137.5873,509.08
1737768063.035964,Starlink-550 1466,1466,3.3938,147.7902,509.36
1737768063.035964,Starlink-550 1467,1467,-9.7243,157.7159,511.51
1737768063.035964,Starlink-550 1468,1468,-22.5156,168.436,515.24
1737768063.035964,Starlink-550 1469,1469,-34.4303,-178.7511,519.74
1737768063.035964,Starlink-550 1470,1470,-44.5689,-162.0827,523.9
1737768063.035964,Starlink-550 1471,1471,-51.3938,-139.8504,526.66
1737768063.035964,Starlink-550 1472,1472,-52.9807,-113.2844,527.27
1737768063.035964,Starlink-550 1473,1473,-48.7148,-88.2555,525.59
1737768063.035964,Starlink-550 1474,1474,-34.7495,-55.9865,519.88
1737768063.035964,Starlink-550 1475,1475,-22.8706,-43.0904,515.37
1737768063.035964,Starlink-550 1476,1476,-10.0957,-32.3306,511.6
1737768063.035964,Starlink-550 1477,1477,3.0191,-22.3974,509.4
1737768063.035964,Starlink-550 1478,1478,16.0439,-12.2172,509.07
1737768063.035964,Starlink-550 1479,1479,28.5103,-0.6419,510.31
1737768063.035964,Starlink-550 1480,1480,39.7253,13.8529,512.38
1737768063.035964,Starlink-550 1481,1481,48.4899,33.1973,514.32
1737768063.035964,Starlink-550 1482,1482,52.9358,58.1677,515.33
1737768063.035964,Starlink-550 1483,1483,51.509,84.8722,515.01
1737768063.035964,Starlink-550 1484,1484,44.7682,107.3183,513.47
1737768063.035964,Starlink-550 1485,1485,34.6539,124.1377,511.35
1737768063.035964,Starlink-550 1486,1486,22.7381,137.0328,509.56
1737768063.035964,Starlink-550 1487,1487,9.9411,147.79,508.99
1737768063.035964,Starlink-550 1488,1488,-3.1785,157.7225,510.2
1737768063.035964,Starlink-550 1489,1489,-16.1902,167.9045,513.22
1737768063.035964,Starlink-550 1490,1490,-28.627,179.4825,517.46
1737768063.035964,Starlink-550 1491,1491,-39.8,-166.0255,521.94
1737768063.035964,Starlink-550 1492,1492,-48.5195,-146.7068,525.51
1737768063.035964,Starlink-550 1493,1493,-52.937,-121.8075,527.26
1737768063.035964,Starlink-550 1494,1494,-51.5197,-95.1916,526.71
1737768063.035964,Starlink-550 1495,1495,-44.8184,-72.794,524.01
1737768063.035964,Starlink-550 1496,1496,-40.0899,-58.7746,522.06
1737768063.035964,Starlink-550 1497,1497,-28.9673,-44.1722,517.6
1737768063.035964,Starlink-550 1498,1498,-16.5552,-32.5345,513.33
1737768063.035964,Starlink-550 1499,1499,-3.553,-22.3297,510.27
1737768063.035964,Starlink-550 1500,1500,9.5693,-12.4046,509.01
1737768063.035964,Starlink-550 1501,1501,22.3822,-1.6872,509.53
1737768063.035964,Starlink-550 1502,1502,34.3334,11.1244,511.3
1737768063.035964,Starlink-550 1503,1503,44.5173,27.804,513.42
1737768063.035964,Starlink-550 1504,1504,51.3822,50.0833,514.98
1737768063.035964,Starlink-550 1505,1505,52.9798,76.7375,515.34
1737768063.035964,Starlink-550 1506,1506,48.6865,101.8387,514.36
1737768063.035964,Starlink-550 1507,1507,40.0166,121.3465,512.43
1737768063.035964,Starlink-550 1508,1508,28.8517,135.9521,510.36
1737768063.035964,Starlink-550 1509,1509,16.4097,147.5873,509.08
1737768063.035964,Starlink-550 1510,1510,3.3938,157.7902,509.36
1737768063.035964,Starlink-550 1511,1511,-9.7243,167.7159,511.51
1737768063.035964,Starlink-550 1512,1512,-22.5156,178.436,515.24
1737768063.035964,Starlink-550 1513,1513,-34.4303,-168.7511,519.74
1737768063.035964,Starlink-550 1514,1514,-44.5689,-152.0827,523.9
1737768063.035964,Starlink-550 1515,1515,-51.3938,-129.8504,526.66
1737768063.035964,Starlink-550 1516,1516,-52.9807,-103.2844,527.27
1737768063.035964,Starlink-550 1517,1517,-48.7148,-78.2555,525.59
1737768063.035964,Starlink-550 1518,1518,-34.7495,-45.9865,519.88
1737768063.035964,Starlink-550 1519,1519,-22.8706,-33.0904,515.37
1737768063.035964,Starlink-550 1520,1520,-10.0957,-22.3306,511.6
1737768063.035964,Starlink-550 1521,1521,3.0191,-12.3974,509.4
1737768063.035964,Starlink-550 1522,1522,16.0439,-2.2172,509.07
1737768063.035964,Starlink-550 1523,1523,28.5103,9.3581,510.31
1737768063.035964,Starlink-550 1524,1524,39.7253,23.8529,512.38
1737768063.035964,Starlink-550 1525,1525,48.4899,43.1973,514.32
1737768063.035964,Starlink-550 1526,1526,52.9358,68.1677,515.33
1737768063.035964,Starlink-550 1527,1527,51.509,94.8722,515.01
1737768063.035964,Starlink-550 1528,1528,44.7682,117.3183,513.47
1737768063.035964,Starlink-550 1529,1529,34.6539,134.1377,511.35
1737768063.035964,Starlink-550 1530,1530,22.7381,147.0328,509.56
1737768063.035964,Starlink-550 1531,1531,9.9411,157.79,508.99
1737768063.035964,Starlink-550 1532,1532,-3.1785,167.7225,510.2
1737768063.035964,Starlink-550 1533,1533,-16.1902,177.9045,513.22
1737768063.035964,Starlink-550 1534,1534,-28.627,-170.5175,517.46
1737768063.035964,Starlink-550 1535,1535,-39.8,-156.0255,521.94
1737768063.035964,Starlink-550 1536,1536,-48.5195,-136.7068,525.51
1737768063.035964,Starlink-550 1537,1537,-52.937,-111.8075,527.26
1737768063.035964,Starlink-550 1538,1538,-51.5197,-85.1916,526.71
1737768063.035964,Starlink-550 1539,1539,-44.8184,-62.794,524.01
1737768063.035964,Starlink-550 1540,1540,-40.0899,-48.7746,522.06
1737768063.035964,Starlink-550 1541,1541,-28.9673,-34.1722,517.6
1737768063.035964,Starlink-550 1542,1542,-16.5552,-22.5345,513.33
1737768063.035964,Starlink-550 1543,1543,-3.553,-12.3297,510.27
1737768063.035964,Starlink-550 1544,1544,9.5693,-2.4046,509.01
1737768063.035964,Starlink-550 1545,1545,22.3822,8.3128,509.53
1737768063.035964,Starlink-550 1546,1546,34.3334,21.1244,511.3
1737768063.035964,Starlink-550 1547,1547,44.5173,37.804,513.42
1737768063.035964,Starlink-550 1548,1548,51.3822,60.0833,514.98
1737768063.035964,Starlink-550 1549,1549,52.9798,86.7375,515.34
1737768063.035964,Starlink-550 1550,1550,48.6865,111.8387,514.36
1737768063.035964,Starlink-550 1551,1551,40.0166,131.3465,512.43
1737768063.035964,Starlink-550 1552,1552,28.8517,145.9521,510.36
1737768063.035964,Starlink-550 1553,1553,16.4097,157.5873,509.08
1737768063.035964,Starlink-550 1554,1554,3.3938,167.7902,509.36
1737768063.035964,Starlink-550 1555,1555,-9.7243,177.7159,511.51
1737768063.035964,Starlink-550 1556,1556,-22.5156,-171.564,515.24
1737768063.035964,Starlink-550 1557,1557,-34.4303,-158.7511,519.74
1737768063.035964,Starlink-550 1558,1558,-44.5689,-142.0827,523.9
1737768063.035964,Starlink-550 1559,1559,-51.3938,-119.8504,526.66
1737768063.035964,Starlink-550 1560,1560,-52.9807,-93.2844,527.27
1737768063.035964,Starlink-550 1561,1561,-48.7148,-68.2555,525.59
1737768063.035964,Starlink-550 1562,1562,-34.7495,-35.9865,519.88
1737768063.035964,Starlink-550 1563,1563,-22.8706,-23.0904,515.37
1737768063.035964,Starlink-550 1564,1564,-10.0957,-12.3306,511.6
1737768063.035964,Starlink-550 1565,1565,3.0191,-2.3974,509.4
1737768063.035964,Starlink-550 1566,1566,16.0439,7.7828,509.07
1737768063.035964,Starlink-550 1567,1567,28.5103,19.3581,510.31
1737768063.035964,Starlink-550 1568,1568,39.7253,33.8529,512.38
1737768063.035964,Starlink-550 1569,1569,48.4899,53.1973,514.32
1737768063.035964,Starlink-550 1570,1570,52.9358,78.1677,515.33
1737768063.035964,Starlink-550 1571,1571,51.509,104.8722,515.01
1737768063.035964,Starlink-550 1572,1572,44.7682,127.3183,513.47
1737768063.035964,Starlink-550 1573,1573,34.6539,144.1377,511.35
1737768063.035964,Starlink-550 1574,1574,22.7381,157.0328,509.56
1737768063.035964,Starlink-550 1575,1575,9.9411,167.79,508.99
1737768063.035964,Starlink-550 1576,1576,-3.1785,177.7225,510.2
1737768063.035964,Starlink-550 1577,1577,-16.1902,-172.0955,513.22
1737768063.035964,Starlink-550 1578,1578,-28.627,-160.5175,517.46
1737768063.035964,Starlink-550 1579,1579,-39.8,-146.0255,521.94
1737768063.035964,Starlink-550 1580,1580,-48.5195,-126.7068,525.51
1737768063.035964,Starlink-550 1581,1581,-52.937,-101.8075,527.26
1737768063.035964,Starlink-550 1582,1582,-51.5197,-75.1916,526.71
1737768063.035964,Starlink-550 1583,1583,-44.8184,-52.794,524.01
