--- Overall Spare Capacity Coverage Analysis ---

Overall Average Delay (reachable): 2.27 ms
Overall Median Delay (reachable): 2.04 ms
Overall Minimum Delay: 1.70 ms (GS: 10188.0 at timestamp 1735695720.0)
Overall Maximum Delay: 16.48 ms (GS: 10401.0 at timestamp 1735692900.0)
Best Average Coverage GS: 10350 (1.77 ms avg)
Worst Average Coverage GS: 10074 (8.51 ms avg)

--- Statistics per Timestamp ---
                mean    median       min        max  count       q25       q75  unreachable_count  total_gs  reachable_count
timestamp                                                                                                                   
1735689600  2.257101  2.024690  1.698578   9.560837   1000  1.855366  2.287142                0.0      1000           1000.0
1735689660  2.338992  2.063384  1.698104   9.814969   1000  1.875972  2.356395                0.0      1000           1000.0
1735689720  2.259589  2.041498  1.698423   8.769229   1000  1.847048  2.384776                0.0      1000           1000.0
1735689780  2.344056  2.093230  1.701745  14.469267   1000  1.903903  2.412041                0.0      1000           1000.0
1735689840  2.276281  2.053970  1.698327   9.186364   1000  1.864862  2.345184                0.0      1000           1000.0
1735689900  2.306657  2.072878  1.698482  16.268891   1000  1.892771  2.382555                0.0      1000           1000.0
1735689960  2.464836  2.104052  1.702582   9.980004   1000  1.884188  2.455022                0.0      1000           1000.0
1735690020  2.177451  1.994660  1.703052   9.470014   1000  1.851113  2.291134                0.0      1000           1000.0
1735690080  2.252787  2.086200  1.702919   6.781766   1000  1.852742  2.447516                0.0      1000           1000.0
1735690140  2.305673  2.023443  1.709815  16.303636   1000  1.868694  2.323413                0.0      1000           1000.0
1735690200  2.328717  2.032754  1.699896   9.608249   1000  1.852974  2.288535                0.0      1000           1000.0
1735690260  2.205814  2.023441  1.700020   7.754528   1000  1.849283  2.324099                0.0      1000           1000.0
1735690320  2.346102  2.058056  1.700922  16.265170   1000  1.879029  2.372462                0.0      1000           1000.0
1735690380  2.217004  2.035255  1.700057   9.325213   1000  1.843668  2.319977                0.0      1000           1000.0
1735690440  2.299075  2.045086  1.698797   9.724204   1000  1.864739  2.350337                0.0      1000           1000.0
1735690500  2.543763  2.074899  1.699493   9.849344   1000  1.873524  2.462691                0.0      1000           1000.0
1735690560  2.198255  2.038750  1.700568   9.591063   1000  1.861981  2.296187                0.0      1000           1000.0
1735690620  2.223540  2.083207  1.701211   9.074026   1000  1.856980  2.422375                0.0      1000           1000.0
1735690680  2.271552  2.068273  1.703551  10.125056   1000  1.900074  2.349670                0.0      1000           1000.0
1735690740  2.280057  2.059266  1.699119   9.596426   1000  1.880158  2.382297                0.0      1000           1000.0
1735690800  2.244520  2.032251  1.700279   7.673686   1000  1.857063  2.320296                0.0      1000           1000.0
1735690860  2.360948  2.090783  1.700939  12.017469   1000  1.884154  2.422006                0.0      1000           1000.0
1735690920  2.354333  2.059808  1.701258  10.234958   1000  1.863263  2.356592                0.0      1000           1000.0
1735690980  2.134308  2.010744  1.698583   6.922506   1000  1.833632  2.304832                0.0      1000           1000.0
1735691040  2.334470  2.023090  1.698725   9.961297   1000  1.848879  2.353575                0.0      1000           1000.0
1735691100  2.143990  2.023483  1.699362   9.244649   1000  1.848393  2.235154                0.0      1000           1000.0
1735691160  2.183207  2.007898  1.701883   9.070523   1000  1.837577  2.315755                0.0      1000           1000.0
1735691220  2.234819  2.033011  1.699229  10.209073   1000  1.860258  2.340176                0.0      1000           1000.0
1735691280  2.228732  1.996435  1.699693   9.699067   1000  1.838868  2.269670                0.0      1000           1000.0
1735691340  2.186818  2.008174  1.700787   7.970966   1000  1.859552  2.289583                0.0      1000           1000.0
1735691400  2.205769  2.077545  1.704739   6.994826   1000  1.877543  2.357802                0.0      1000           1000.0
1735691460  2.420020  2.074015  1.706835  11.985442   1000  1.905982  2.443799                0.0      1000           1000.0
1735691520  2.266268  2.070635  1.700769   8.010212   1000  1.841534  2.404036                0.0      1000           1000.0
1735691580  2.576413  2.106901  1.701624  14.574737   1000  1.914400  2.486815                0.0      1000           1000.0
1735691640  2.135308  2.009850  1.699275   9.023054   1000  1.847196  2.219788                0.0      1000           1000.0
1735691700  2.219958  2.015505  1.699268  11.865699   1000  1.864700  2.283398                0.0      1000           1000.0
1735691760  2.218571  2.027409  1.699105   9.878211   1000  1.849059  2.356788                0.0      1000           1000.0
1735691820  2.198591  2.019430  1.702098   9.619836   1000  1.853902  2.282898                0.0      1000           1000.0
1735691880  2.222998  2.050467  1.700257   9.114943   1000  1.852580  2.333505                0.0      1000           1000.0
1735691940  2.175283  2.023922  1.698647   9.820849   1000  1.843039  2.262771                0.0      1000           1000.0
1735692000  2.279863  2.078770  1.701301   9.610441   1000  1.858692  2.427024                0.0      1000           1000.0
1735692060  2.119508  2.000625  1.700480   7.994338   1000  1.829391  2.316183                0.0      1000           1000.0
1735692120  2.263567  2.049667  1.702060  14.635058   1000  1.880740  2.356969                0.0      1000           1000.0
1735692180  2.194542  2.032880  1.700276   9.803736   1000  1.852109  2.279370                0.0      1000           1000.0
1735692240  2.390209  2.079467  1.697972   9.760496   1000  1.889670  2.417100                0.0      1000           1000.0
1735692300  2.425222  2.085535  1.698918   9.214286   1000  1.872597  2.493145                0.0      1000           1000.0
1735692360  2.308053  2.079147  1.699005  14.627728   1000  1.900783  2.364550                0.0      1000           1000.0
1735692420  2.212608  2.062201  1.698334   9.063935   1000  1.870540  2.360059                0.0      1000           1000.0
1735692480  2.166835  2.024629  1.699713   9.801650   1000  1.868140  2.287596                0.0      1000           1000.0
1735692540  2.405679  2.059968  1.698369   9.595836   1000  1.865112  2.375207                0.0      1000           1000.0
1735692600  2.190126  2.019101  1.698475   7.932813   1000  1.848681  2.300401                0.0      1000           1000.0
1735692660  2.306228  2.093161  1.702988  16.261905   1000  1.882640  2.455563                0.0      1000           1000.0
1735692720  2.448846  2.068608  1.702457  12.181878   1000  1.863070  2.362268                0.0      1000           1000.0
1735692780  2.239730  2.015693  1.697917   9.738463   1000  1.855468  2.303232                0.0      1000           1000.0
1735692840  2.318494  2.047951  1.700847   9.256473   1000  1.857439  2.377672                0.0      1000           1000.0
1735692900  2.330521  2.074039  1.704081  16.479436   1000  1.884109  2.403420                0.0      1000           1000.0
1735692960  2.232115  2.068497  1.706662   9.596307   1000  1.849879  2.397809                0.0      1000           1000.0
1735693020  2.200334  2.049344  1.698671   8.587287   1000  1.873449  2.345288                0.0      1000           1000.0
1735693080  2.397585  2.041592  1.699439   9.266438   1000  1.864945  2.346253                0.0      1000           1000.0
1735693140  2.273751  2.050240  1.702705   8.685906   1000  1.866430  2.326308                0.0      1000           1000.0
1735693200  2.292266  2.069494  1.700597  11.977827   1000  1.867237  2.362041                0.0      1000           1000.0
1735693260  2.181536  2.061750  1.700552  12.322290   1000  1.894547  2.328149                0.0      1000           1000.0
1735693320  2.302495  2.054436  1.699191   9.624484   1000  1.849214  2.382040                0.0      1000           1000.0
1735693380  2.298619  2.057915  1.703564   9.818777   1000  1.868259  2.377406                0.0      1000           1000.0
1735693440  2.233870  2.075309  1.699983   9.110144   1000  1.885371  2.360030                0.0      1000           1000.0
1735693500  2.373015  2.020837  1.702019  11.950657   1000  1.858535  2.400830                0.0      1000           1000.0
1735693560  2.156488  2.015977  1.704803   9.775143   1000  1.834626  2.335132                0.0      1000           1000.0
1735693620  2.339243  2.010271  1.701896  14.311856   1000  1.847346  2.275546                0.0      1000           1000.0
1735693680  2.167119  2.013853  1.698387   8.769353   1000  1.825795  2.283960                0.0      1000           1000.0
1735693740  2.199440  2.024843  1.698018  11.899998   1000  1.839481  2.257882                0.0      1000           1000.0
1735693800  2.279529  2.049554  1.701411  11.711021   1000  1.877051  2.371627                0.0      1000           1000.0
1735693860  2.280053  2.021461  1.702006   9.313990   1000  1.827756  2.356627                0.0      1000           1000.0
1735693920  2.295262  2.040522  1.701138  16.259103   1000  1.877452  2.320045                0.0      1000           1000.0
1735693980  2.334331  2.029688  1.700808   9.403673   1000  1.869150  2.254362                0.0      1000           1000.0
1735694040  2.359033  2.080617  1.699401   9.842228   1000  1.886428  2.386128                0.0      1000           1000.0
1735694100  2.138649  2.022427  1.699377   8.724331   1000  1.834325  2.318387                0.0      1000           1000.0
1735694160  2.459702  2.086440  1.706923  14.250173   1000  1.902085  2.478633                0.0      1000           1000.0
1735694220  2.138984  2.009242  1.702583   7.694031   1000  1.845867  2.258312                0.0      1000           1000.0
1735694280  2.154773  2.029010  1.698155  11.839348   1000  1.859630  2.268359                0.0      1000           1000.0
1735694340  2.343138  2.066426  1.698902  10.156354   1000  1.854010  2.410528                0.0      1000           1000.0
1735694400  2.201823  1.989658  1.700263   9.411167   1000  1.839839  2.336036                0.0      1000           1000.0
1735694460  2.179640  2.007903  1.698945  14.651895   1000  1.840840  2.279005                0.0      1000           1000.0
1735694520  2.191816  2.022696  1.703124  10.044486   1000  1.860901  2.270695                0.0      1000           1000.0
1735694580  2.375745  2.078816  1.697914   9.618584   1000  1.874768  2.432136                0.0      1000           1000.0
1735694640  2.248079  2.046934  1.700358   7.516073   1000  1.843854  2.376803                0.0      1000           1000.0
1735694700  2.352576  2.075676  1.708693  14.513029   1000  1.890859  2.418354                0.0      1000           1000.0
1735694760  2.186186  2.011516  1.700432   9.358143   1000  1.837100  2.267234                0.0      1000           1000.0
1735694820  2.280630  2.038051  1.703579  16.284357   1000  1.880698  2.322375                0.0      1000           1000.0
1735694880  2.421756  2.084412  1.698691   9.941946   1000  1.877696  2.407021                0.0      1000           1000.0
1735694940  2.272214  2.050202  1.702305   9.523632   1000  1.885081  2.356310                0.0      1000           1000.0
1735695000  2.296928  2.103588  1.698787   9.067654   1000  1.871816  2.439340                0.0      1000           1000.0
1735695060  2.282565  2.048028  1.699956  10.091910   1000  1.882475  2.315793                0.0      1000           1000.0
1735695120  2.224723  2.037265  1.700537   9.598610   1000  1.851843  2.374668                0.0      1000           1000.0
1735695180  2.224459  2.026836  1.698334   7.697092   1000  1.854597  2.338400                0.0      1000           1000.0
1735695240  2.409649  2.077598  1.700503  16.248513   1000  1.888194  2.416282                0.0      1000           1000.0
1735695300  2.276993  2.036080  1.701116   9.304782   1000  1.837708  2.333642                0.0      1000           1000.0
1735695360  2.207611  2.029398  1.702398   9.701067   1000  1.839495  2.309105                0.0      1000           1000.0
1735695420  2.262438  2.042120  1.700333   7.918886   1000  1.856317  2.376898                0.0      1000           1000.0
1735695480  2.210756  2.044482  1.701284   9.567511   1000  1.860331  2.306993                0.0      1000           1000.0
1735695540  2.246443  2.061942  1.700972   9.056798   1000  1.850892  2.445120                0.0      1000           1000.0
1735695600  2.233640  2.048971  1.699396  11.773998   1000  1.886551  2.357171                0.0      1000           1000.0
1735695660  2.225687  2.038880  1.700910   9.594316   1000  1.861651  2.305763                0.0      1000           1000.0
1735695720  2.213683  2.036841  1.697894   8.085800   1000  1.858026  2.326519                0.0      1000           1000.0
1735695780  2.400026  2.110544  1.699440  12.023091   1000  1.900022  2.433879                0.0      1000           1000.0
1735695840  2.380959  2.074206  1.698523  12.017502   1000  1.883607  2.388216                0.0      1000           1000.0
1735695900  2.247908  2.016284  1.701058   8.181956   1000  1.836093  2.354817                0.0      1000           1000.0
1735695960  2.178473  2.032210  1.699458   9.916898   1000  1.865642  2.295572                0.0      1000           1000.0
1735696020  2.157425  2.022532  1.701374   9.195253   1000  1.850280  2.243566                0.0      1000           1000.0
1735696080  2.189826  2.004052  1.699785   9.060402   1000  1.847947  2.323396                0.0      1000           1000.0
1735696140  2.205848  2.024579  1.699786  10.120675   1000  1.845507  2.344893                0.0      1000           1000.0